191	3f4e74a055621b38045cb571f9	100	0.756016	0.129843	0.133303
191	112e2811023d8a466fb03c8175	100	0.775418	0.127070	0.127835
191	14c8c3aae743d2d51e6a8901d8	100	0.748195	0.143291	0.145520
191	16401c31ff627bf08f03d4df22	100	0.768106	0.132234	0.133242
191	04804cc382236b8e032ebf1c4e	100	0.791000	0.118533	0.120177
191	064e97efe3dc66a29d858efcc9	100	0.748044	0.137553	0.140815
191	2ee77b42e22c9dc3ccd5bce745	37	0.017840	0.003434	0.095271
191	0167e19370008c1e66bfd0c7af	100	0.765373	0.135539	0.137327
191	330a9f2999bb30718ef4ebc25f	100	0.764501	0.123537	0.125351
191	3874176b159e31dfc8fd109253	100	0.806557	0.116529	0.118033
191	33617bfa827b074dfa442ca126	100	0.788623	0.121849	0.123009
191	1e40a03e4037ee7828b0e84abc	100	0.794694	0.119874	0.120830
191	06fe9872c15544ce09da366a45	100	0.760656	0.134831	0.135518
191	2e9ca76473c0499a1ac12a2ec8	100	0.768544	0.130930	0.132364
191	15ddf655e824874e07b4ca128a	100	0.755618	0.132540	0.134744
191	0f4c4ebdbc8e2aa8a573053452	100	0.760560	0.132357	0.134200
191	07b679f8311f72b747cc62bb7b	100	0.717404	0.141332	0.144376
191	00cd2b7cd6a5c8738085272f28	100	0.753558	0.139972	0.140220
191	07dadf39382ad8ef9a056364f8	100	0.775602	0.128565	0.130232
191	36a21ed63a5316396cf77c7235	100	0.783736	0.126206	0.126868
191	0ff237c0e266a06dfa15e2ecff	100	0.761695	0.139045	0.141276
191	342578ee70ee655f35bccb3145	100	0.787056	0.127707	0.127975
191	307b6048248768f17fa1bd81f9	100	0.789435	0.121336	0.123527
191	3940a34be7aa9ce7a0a8f33a8d	100	0.746738	0.142132	0.145716
191	37e3560642fc90862f74b25877	100	0.753423	0.142923	0.143076
191	34b08c00a74c39922f86e1084c	100	0.765876	0.125990	0.126033
191	0e0d1b31b436c8389c532ed45d	100	0.789816	0.122244	0.122344
191	3e02ce16dfa25b4c0dadfd173e	100	0.255360	0.081345	0.145431
191	1486356aa3f3a9b42dba0c7f7d	100	0.772117	0.130282	0.130541
191	2e058d1608f2444a6e6f41b771	100	0.783048	0.122497	0.123822
191	06d3d1b8cd2ecf4d68ab016cc6	100	0.779330	0.122703	0.123788
191	2cda91fc4b31eb28afddeb2203	100	0.768619	0.133233	0.133417
191	1648c2715417a9245d4d94fa76	100	0.791781	0.122909	0.123217
191	395b40e94a7c2fe9bcf9c09d79	100	0.783677	0.123816	0.125439
191	3412979506e62f14965e22ef82	100	0.803912	0.116231	0.117819
191	348ce614151aeab7e5bf36ef40	100	0.723631	0.156707	0.158373
191	274607bfbe62103ec0ac269ec1	100	0.770250	0.137073	0.137909
191	358a537a29545ef241466a1459	100	0.777029	0.125292	0.125649
191	23ea7d3d612877df70cf7c9ec4	100	0.755992	0.132421	0.133698
191	210e6fadc6a03051e9c4ba1979	100	0.783978	0.123489	0.124153
191	2743173ac940eb5d1035cbf94c	100	0.793054	0.120485	0.121105
191	292c39331f0897ef0b38115a5f	100	0.778794	0.128433	0.129893
191	2c1668e02d0ca1a976f551729f	100	0.768746	0.135094	0.136661
191	0521eb61097ccb5793c01814f9	100	0.773256	0.129467	0.129578
191	11537f32230e5f076260652f14	100	0.756969	0.133946	0.135672
191	02df0facc34fa2e78fb4f8bba9	100	0.776085	0.118948	0.119370
191	2382e65f337db2a960440173de	100	0.758650	0.135962	0.138722
191	106ff1e9ccaaa92198269e1a99	100	0.777399	0.121101	0.122934
191	277cf5caca655eb34b43bd9ab2	100	0.791217	0.121126	0.121309
191	060aa8362880fd3a789010d95f	100	0.756483	0.142251	0.145830
191	3f78874f09a3094103370bae67	100	0.786375	0.122176	0.122967
191	1f6c43fd161216f75675e50086	100	0.761560	0.126785	0.127740
191	3fc9abcb098de4e01eb122ada2	100	0.745893	0.144822	0.147271
191	35705aa454f44f094bf82fd6d1	100	0.782689	0.130279	0.131145
191	100f9936457a22a41b47286c20	28	0.018085	0.002347	0.058225
191	303c9f583e90e7cc46c539198a	100	0.792654	0.121587	0.122869
191	2791cdf72b907750e00b58ad47	100	0.781104	0.127202	0.127569
191	11d309a58255c83fc3162dfc89	100	0.782672	0.127553	0.128661
191	0962c4a5c4cebe5c959145895f	100	0.759482	0.136474	0.137667
191	03f9ca8c40e6e99b256ff4b55e	100	0.748633	0.146521	0.146577
191	0e0d30873a8c9e8c3aa14ed4d0	100	0.763575	0.144844	0.144898
191	1f3c3dd912eb5266004bc2da1b	100	0.767985	0.134731	0.135365
191	1091cd88ad66d757afaf18be27	100	0.783514	0.132532	0.132858
191	32d8b0bee5ded619bdbe8e1433	100	0.771641	0.119619	0.122068
191	28ad9d51406ab97fc8a7d52b89	100	0.782291	0.125874	0.126455
191	0616a28abfc7875e3292c82f70	100	0.783507	0.128500	0.128730
191	0390309be7b11a20d5285d38f9	100	0.790427	0.126088	0.128012
191	2a50945a06b939edd535ee6887	100	0.810497	0.114871	0.115129
191	04aeee76c47c1e45f1536c1b07	100	0.776631	0.127406	0.127566
191	205cab820be972bd54cbe8a541	100	0.784369	0.126105	0.128166
191	38db2028174bd7fa319381cb01	100	0.781478	0.131560	0.132182
191	16c7894822e5c0ccee3d23d3ec	100	0.788122	0.121618	0.122233
191	164f38e252b66718d31f8a38d1	100	0.769831	0.129743	0.129839
191	36fde39179fb82c99ebe0f5564	100	0.771382	0.132902	0.136280
191	0727cd1446397313a258876902	100	0.759449	0.132197	0.132291
191	13b5d7b91d4f4bf7157c0bc05a	100	0.786411	0.124754	0.126386
191	2bc4bebbefee066bce976b3bd3	100	0.660604	0.140680	0.144173
191	26f5d0fd6f08426feedbe344f1	100	0.768899	0.129440	0.131885
191	2c8255371c14ac94374ce801f1	100	0.746209	0.131743	0.132182
191	3fd96be27f826bb14710d2ba9e	100	0.718247	0.155631	0.157453
191	193e66cc742bab90ba6008e342	100	0.774858	0.124744	0.127359
191	0e14d70c0739e641a1f3a04028	100	0.667684	0.204122	0.208621
191	114331d385cba6054207e7447e	100	0.792511	0.121203	0.123150
191	17b3b51a310140c33d4de3386f	100	0.741668	0.144001	0.145319
191	213157db8b87b2e0aff9c55d68	100	0.789688	0.123470	0.125025
191	1976402671fb2dea706c313e4c	100	0.766665	0.126824	0.126845
191	2e83ff2a6712b8430eb073b134	32	0.018875	0.001288	0.082837
191	040a8dbf86fdd0a7afb8db72f3	100	0.750040	0.134235	0.134618
191	0a8d88545b4f1d2886b22b9d0b	100	0.790048	0.125601	0.126877
191	03f9ddc21ed3f4b82be2f3d780	100	0.685611	0.171829	0.175139
191	2c2e92c3fd6732f9d3feb80c41	100	0.408619	0.256629	0.262274
191	3debde5ff86fd64c8f98cfb940	100	0.031878	0.000894	0.000900
191	26a1e76c19c4fcb1f7bdde8f0c	100	0.767341	0.128089	0.130142
191	21957d7f92e8d2ddbb78320721	100	0.782370	0.125919	0.126345
191	072b6b92542ed36f13d1ef3d60	100	0.786729	0.126969	0.128345
191	256eff811e6895a90c9ba6eea9	100	0.790296	0.123429	0.125282
191	243611f3d1e602eea723178516	100	0.745272	0.142768	0.144056
191	2251ebddecd42c9db49cf554d4	100	0.765340	0.130121	0.131197
191	31b54e1177b47edcc2cfc7eb3a	100	0.757219	0.128669	0.129370
191	2aabfc1021630bb430b123f42b	100	0.760427	0.136064	0.136129
191	337cb854e6411e348331276494	100	0.750501	0.143680	0.146866
191	15d9af015be2790daccd83aec0	100	0.801935	0.126151	0.127474
191	124a2ad240fb27f9381336b13b	100	0.782970	0.127767	0.130348
191	1ae24f339e4f83d66507938625	100	0.798491	0.124353	0.124572
191	33e3537ce9223d3ec857b5bc1d	100	0.783565	0.123029	0.125814
191	38298d4dc38418cfc57a1fd9cb	100	0.787198	0.124340	0.125177
191	1779c429d2f7e1aa5d5b36d26b	100	0.770005	0.136805	0.140002
191	0075da082e3a67c0078ba2c92e	100	0.789734	0.122868	0.123233
191	1f5a0fcb01e4587a32bd0fa1d7	100	0.775863	0.127786	0.131259
191	1f38fd0a26b412d68870da2f44	100	0.763459	0.131538	0.132761
191	1e6238eac878d48e6b464c1a49	100	0.778466	0.127161	0.128103
191	2acdb2499d5617c3845252467f	100	0.755207	0.144226	0.145484
191	183f26bba58b5ecc3c2b35f100	100	0.030756	0.000279	0.000282
191	2c316f2727c23ab60dcc64013b	100	0.762649	0.132225	0.134076
191	1a7937ed959bbde9f2206db0a9	100	0.756368	0.129953	0.130128
191	10d64f24722cfff5d3e70935fe	100	0.739504	0.148644	0.149308
191	3f92dd56f6322fbeb8d3022597	100	0.730353	0.168348	0.169659
191	01aa762f468ec376127791a45d	100	0.787096	0.123896	0.125676
191	2a7175733e7f21d60cfa81f040	100	0.036743	0.001277	0.001400
191	2339e6f1ad91152dc60f041a68	100	0.775333	0.126651	0.126849
191	284ae6d370788dcfb64b79c365	100	0.769752	0.145377	0.146617
191	1bfd59d26d14dc3ae65e517a9f	100	0.748376	0.135075	0.136700
191	24a46397e133dda5dfd3ffc5ae	100	0.553170	0.165459	0.188923
191	2cd5f710145c1c167c68970fdc	100	0.770831	0.130143	0.132746
191	318d6c53ca6b4d127bce284eac	100	0.761787	0.133405	0.134024
191	338fb643990c3d9faead929c04	100	0.765093	0.148995	0.150168
191	1f8d1b0a3cbd6a36e58e93343f	100	0.780089	0.123348	0.124134
191	3ffb6e757be2743825e6c43baf	100	0.768386	0.134970	0.138045
191	18f2db651334eebf483ff3706b	100	0.768861	0.129120	0.130448
191	22a4e73381cd6abb42a3dc4764	100	0.793196	0.121220	0.121499
191	27480f705e3e41dabfeab897e9	100	0.766066	0.129663	0.130243
191	246b904bf573ac4e50948a824e	100	0.785166	0.123733	0.125297
191	22517f36dbc91bbc19a9a6dc91	100	0.755204	0.137932	0.139989
191	1825b668edbdce298ce9618142	100	0.777241	0.130247	0.131626
191	2bf1aaa92d50d31097c36a8a55	100	0.783660	0.124995	0.126288
191	0f1e382645e9ae5630eb4bce11	100	0.771734	0.132456	0.133907
191	30ff9f62d54e9347f380bb5ead	100	0.765247	0.137359	0.139377
191	0edb3c75c8c03145729e1e9def	100	0.772154	0.136925	0.140057
191	3783b7ba2389cd73a1c402f6cc	100	0.784886	0.126244	0.127009
191	093d4825fb7e4c0f704cdd4748	100	0.782828	0.129159	0.131141
191	1506956fbd9adf049469da5e95	100	0.777791	0.129275	0.130713
191	348b90bfc608165a33aa8d6282	100	0.739656	0.146110	0.146705
191	1cbb1e18a2326c08a0ef375c10	29	0.019111	0.005131	0.114392
191	076ada817cb6cd9f8dc40a1a1c	100	0.791795	0.119513	0.119918
191	3c8278ec6c11afa5c184ec0edd	100	0.756420	0.141000	0.142134
191	26fa1285c3e8f063d0e3b26031	100	0.747699	0.141399	0.142705
191	1881a3e49c9195f24a058e4da0	100	0.193276	0.092806	0.128106
191	14cc095ce26a15dcdb94a28418	100	0.755826	0.144945	0.146993
191	2391cc682096218f60b0cea8ab	100	0.732522	0.144397	0.146205
191	24936bc38baee994ad5533fc6b	100	0.795159	0.122999	0.124897
191	0d9beffcf31c7e700b0412d0d7	100	0.749320	0.142116	0.146508
191	095056efeeb1804b8da5614915	100	0.766557	0.128384	0.128744
191	309975f123a1839780b48c0d91	100	0.739189	0.132870	0.134467
191	09fcb966dd937279dd8b9029ad	100	0.783704	0.116135	0.117842
191	2ad629c435db4d9a8fc7f94e1a	100	0.769281	0.131711	0.132793
191	243e37f42ea9a6f16fff4530b4	100	0.784240	0.125242	0.126077
191	01685e8e2b0d194594ab426edc	100	0.756836	0.135512	0.135578
191	1c1307ea51856d42d69019b171	100	0.799286	0.120429	0.121267
191	02e6a8a430a8a122cb14bfd958	100	0.781594	0.129001	0.131313
191	15a6e75bc875bbd6dd22993805	100	0.784446	0.126756	0.129722
191	25b7e3c446395dd7a58e6a98dd	100	0.801196	0.117669	0.118527
191	128740113b1cc375eeead9a2f9	100	0.792795	0.121776	0.122552
191	3ac132cb09186d4ab4c9b8a563	100	0.804504	0.116013	0.118527
191	2c2e12ce47ccfa01bbf140f467	100	0.784291	0.131364	0.132020
191	09f5fa1e3575737499d76685a8	100	0.782015	0.121583	0.122508
191	075bb7347aa284f99758a8fb79	100	0.791144	0.124661	0.125195
191	287a11c751a9e3c331707123d9	100	0.784765	0.122290	0.122880
191	23045d810bcba173c2bbff8e5a	100	0.745416	0.143683	0.145822
191	3454e25683e0286a16698df17a	100	0.752230	0.132630	0.134226
191	1fe270e039ed3e938fd683c634	100	0.786072	0.121831	0.123279
191	342e2d8c467e90c46520b96c08	100	0.705855	0.190916	0.192916
191	36d56d899ba5d82404159a7f57	100	0.766611	0.133055	0.135201
191	2e0d2896cd5d6c031c3ad7b562	100	0.776780	0.124512	0.127327
191	09bdca42fdae7ccf33d4065ece	100	0.765279	0.144298	0.144440
191	1e263c56c50fbc71a89472ac69	100	0.787367	0.123503	0.125242
191	188ebcae663d9bd426cc9870d6	100	0.742211	0.145069	0.145364
191	16f7ae9fb9cff905bfc33eab9e	100	0.706637	0.128348	0.129853
191	25036abd33289a8d0721b2995f	100	0.778375	0.129446	0.130805
191	3e5361d7c46714fb2ca3a0ae2d	100	0.781654	0.134615	0.136067
191	2c4b1a1038836bc5f190ca71ea	100	0.782483	0.123938	0.124091
191	3674d7939ef0a45220d6e71196	100	0.755419	0.135297	0.136524
191	2aac51322bcfa1d4557c505653	100	0.788152	0.119462	0.119469
191	1b52dd59ab6baee43eca10797e	100	0.774780	0.124039	0.126276
191	3346dcaac88ae265b08e5d729d	100	0.782365	0.125929	0.126986
191	008a05d8a033591c7008c79cc1	100	0.743975	0.144143	0.144340
191	3ace672517dee9507a011be8b4	100	0.795932	0.123108	0.123147
191	06e95679c907bdfd0275b5268a	100	0.786302	0.125147	0.126436
191	0deef502074745658b747aec8f	100	0.781876	0.127947	0.129729
191	3735122978778f6dea3741f803	100	0.793228	0.124150	0.125322
191	2ad4ee6ce7852286e2c65f95e3	100	0.792949	0.119207	0.119747
191	337a91de87e0553c45ffaa1887	100	0.774606	0.131518	0.131881
191	3a68c28514be1dde8326474759	100	0.799432	0.119452	0.120846
191	2a406aae9f267da6627cdf6ca5	100	0.776884	0.122843	0.124774
191	06618bb97334180070d0853254	100	0.732408	0.135867	0.137690
191	1d04fd3f4dc7129ef435ecd2fd	100	0.778884	0.123016	0.123747
191	01a575c4a06047948e470d2814	100	0.694697	0.154460	0.156844
191	00c68cdc1930cb915303f95755	100	0.782690	0.127896	0.128013
191	0e65842adbf360e6f3937f39c2	100	0.762902	0.132530	0.132565
191	2823614e3cdb36a7d9698829f6	100	0.043006	0.009222	0.034806
191	2b12848d4e8dd32091f225adbe	100	0.782061	0.132033	0.132069
191	28051c686b20f5ee68b1aefad4	100	0.790015	0.127084	0.127248
191	17dd0be0ecf6d523a422fc3242	100	0.777647	0.135743	0.136849
191	148a06339368ca8f08702576c5	100	0.767848	0.128192	0.128223
191	08cef286346d2eccb44ee42ff5	100	0.763595	0.141844	0.144025
191	20751fa8cec6b6e861cfba1a7a	100	0.785015	0.125404	0.126429
191	2052ecf89ad793fb408674f985	100	0.766628	0.129368	0.129807
191	3c2ae7539d98615a9f5f360d1d	100	0.024970	0.000356	0.000454
191	3a838a8fda03a465e915a57a0f	58	0.019796	0.004566	0.049563
191	24cb0cb4ca0a7945ef7a072c10	100	0.042481	0.010195	0.032322
191	30a2f4fd408baa69e840540be6	100	0.743809	0.133629	0.136491
191	1cd6267980091eb9c5d08e21c8	100	0.765301	0.134128	0.136084
191	04ad01479ee22b3f20ce5d5ba0	100	0.726473	0.155018	0.157540
191	3c94db28229416f4cc4ac5bb00	63	0.018725	0.005382	0.042339
191	12fe0312e2b6d910364ad96865	100	0.781148	0.125789	0.126308
191	0919a3221913d1262bead13150	40	0.018615	0.004724	0.088481
191	07bf08f1dbc3324fc5c4bac8a1	100	0.736031	0.158944	0.159895
191	3f36b6142ef0796584ef513e9a	100	0.784735	0.124152	0.126703
191	2e260f4ee75b97c337ca3307c5	100	0.651476	0.148869	0.167444
191	1c69aebb0c539a43def2c9e5e9	100	0.751167	0.135654	0.137916
191	17051bed6194041248e21811cf	100	0.732587	0.146263	0.148384
191	0385c65e64df333d1ca62541cc	100	0.799595	0.118944	0.120245
191	17f5c0d9e2b60fb7174246176f	100	0.777358	0.141437	0.141497
191	227ec571769300ae6bdca77544	100	0.767915	0.133795	0.136359
191	1e52f1c568eb878722873f8b93	100	0.798162	0.119224	0.119509
191	2f7145b25328efdc1a560b75e7	100	0.775272	0.126333	0.128319
191	2254944d1f34dca4665de0ef7c	100	0.778739	0.131987	0.132738
191	1fb119b24a377f80b6c217179f	100	0.715271	0.149526	0.151439
191	2204c12195b4d888c07e8f127f	100	0.757500	0.147153	0.148812
191	0e3fe6722878ef487f4f8896d0	100	0.731067	0.145823	0.150220
191	16b94adbbdf2357628da2f3919	100	0.768494	0.129936	0.130281
191	08a8991b6b83749839ad7133e5	100	0.783504	0.122817	0.125483
191	3ad9a5141c8596587916cb4f41	100	0.781737	0.129183	0.129223
191	14a6918ea54185f635ccbb2830	100	0.662330	0.194216	0.197119
191	340b6878b3e874a910cb3a146b	100	0.777177	0.126062	0.127890
191	03131413b0e644eda12a420d00	21	0.000048	0.000001	0.040015
191	29354058be0194a2d80b72a1b4	100	0.789144	0.121158	0.122139
191	2fcaf6e07045a2a696a01d940f	100	0.766405	0.136167	0.137783
191	1f4405ee8f16ff3903f563abbc	100	0.774518	0.127886	0.129198
191	384da3d8bd1e01da9e75f61149	100	0.767444	0.132062	0.132198
191	0e754a7c25ee590caa81185991	100	0.758560	0.137345	0.137484
191	08cd237e5cea1cb90c5081a7a2	100	0.780012	0.126908	0.128505
191	0900d89a5e4da204eebd96f317	100	0.776588	0.126677	0.128981
191	0e291300732bce603ea8b3e0b2	100	0.774229	0.134173	0.134647
191	11fb15fd5f71d421c7d590a92b	100	0.785901	0.123194	0.123907
191	0996c4dc9ff5574ffdd314a5db	100	0.775137	0.129066	0.130747
191	2e68a0b96d90b15a321591bef3	100	0.787542	0.122562	0.123618
191	21d773071fb16ba98e7d3bc8b2	100	0.730954	0.157212	0.162269
191	220166c7ace245abb9d23ec95e	100	0.747672	0.135849	0.136751
191	3a890f334ea6b7cc7ccebd021d	100	0.765786	0.131983	0.132756
191	34fdbec136aecc4d0885daded4	100	0.787836	0.123192	0.124149
191	0250289a1e0c6738c17c91e4fc	100	0.762708	0.135006	0.135769
191	07d48b64b0ff707f372145d656	100	0.763801	0.137255	0.138074
191	390bd850a22ebcb5a8ebabf7aa	100	0.777042	0.128094	0.128673
191	38195f9c26813cb28c0c07f02b	100	0.764945	0.151091	0.153522
191	27da9e15e6c3e3243c0c4d6e82	100	0.793390	0.122655	0.124522
191	2f34f5f66f8410e9c8e9258e4e	100	0.792201	0.121599	0.121865
191	3b419d530b1fbb498a3ff45661	100	0.745583	0.131931	0.133715
191	3b7dd3e5d434adf527acc59a75	100	0.761395	0.130478	0.131529
191	03013969edee7ef8a6c79fda8b	100	0.733655	0.150576	0.151794
191	061668beeffda285d59621e91c	100	0.773923	0.122404	0.123484
191	2bd993e715308528e42339fd64	100	0.789909	0.124348	0.124922
191	0379dd81e99ffba471f80a9989	100	0.744599	0.138089	0.138228
191	1541e0c442e97831f43a59cb0a	100	0.769296	0.136220	0.136304
191	1e98fda41ea69d057ac63a5236	100	0.785449	0.121603	0.125249
191	1c0caab90378d54a6a6a34c2f9	100	0.783096	0.125080	0.126438
191	1854b0424fef087bbbbabbdcda	100	0.737490	0.138505	0.140326
191	07f858653b9c73e9518abff197	100	0.748131	0.147791	0.148691
191	2a94fa54dc23571d7a97f99ea0	100	0.797030	0.118877	0.120133
191	2c5eb297e96582b03adfb91377	100	0.441761	0.207617	0.227467
191	1eae66eaf4ee5e22eeb1664293	100	0.765492	0.142105	0.143002
191	21f7498340e830262b426ce756	100	0.769051	0.130080	0.131415
191	3f5354607b983e49f100bcb1d8	100	0.792924	0.123803	0.124975
191	180cb4af8fabcd0d094ad69320	73	0.018662	0.003872	0.035730
191	1e036ca5e1c3b4491d407b83c8	100	0.767602	0.132569	0.136569
191	034f8744cf8c99dbc5b209f76f	100	0.780642	0.130550	0.131126
191	23b4af8ad9f96b9227109a6858	100	0.795133	0.122319	0.123417
191	3912ebbdaee56f660ca4db51f1	100	0.716555	0.166102	0.166842
191	200e57fc421d29f751180b3927	100	0.736995	0.136200	0.137436
191	318ed93bb57d54ac4dec2ec888	100	0.748567	0.145660	0.146357
191	148fc4babec0eb76ec2b376235	100	0.779327	0.134962	0.137270
191	15c7dd37824d3e80d0e00009a2	100	0.688521	0.133305	0.133350
191	0124c69e2e4799d4c902f6fc0b	100	0.792879	0.124600	0.124747
191	3d5c7eda05ccfb79305aaa5f24	100	0.761954	0.130613	0.132242
191	3595b3c93517533193c719925e	100	0.803022	0.118035	0.119496
191	1cb869daa0fdc0e24585d8cc28	100	0.771891	0.139213	0.139505
191	35dc9c8b1bab712c384a127e40	27	0.015832	0.003030	0.162454
191	10903f62e455355e10e7886d37	100	0.783552	0.126579	0.127294
191	282a1184e965b4f858dd453a39	100	0.791134	0.121105	0.122134
191	2397db56d6c560087b4f923944	100	0.768179	0.140808	0.143410
191	07463fb5ca0d3e1c52e6aec2c1	100	0.767773	0.137271	0.138258
191	02e3d5a3588b059c96913b9832	100	0.349186	0.131422	0.167376
191	2b467a2d293a615a5f409b7677	100	0.772218	0.131312	0.131903
191	0a8df71ab6f8f4112cafc102b9	100	0.774654	0.130562	0.131694
191	2144b61854cca61fa4915e1ac8	100	0.772816	0.135143	0.136755
191	094ac1826714f061399b385981	100	0.759449	0.137153	0.137727
191	31aa3e06798f229af9773859f8	100	0.769304	0.135264	0.136289
191	23ca224fa5b2d0fae8bff10194	100	0.770528	0.136671	0.138766
191	0dc0d37fe0ea3491e7b171ccda	100	0.724783	0.159594	0.160398
191	14daf5f96c61a972c04aea8df2	100	0.774670	0.126942	0.127624
191	248b32ee59f208a7c211ae4991	100	0.756178	0.131616	0.133699
191	119704777f5991302857b8a718	100	0.778173	0.130061	0.131296
191	33f95cb93555205ebc9fdba93a	100	0.752358	0.128565	0.129870
191	0f348bedfeb6944daca2171a1d	100	0.781680	0.128004	0.129026
191	204973e0665a70448ff67a8d88	100	0.788280	0.127312	0.129142
191	2139aff1253f917bbef6bfd525	100	0.756609	0.119073	0.120993
191	19e267088d39dee574e659c44b	100	0.792323	0.119627	0.121988
191	3b31e0491651dd682d6c143bb6	100	0.781446	0.126229	0.127574
191	39bc4a33527aece4d69f6455c0	100	0.766599	0.135619	0.136085
191	12ed74de5738367fab76602c2a	100	0.773812	0.131115	0.131228
191	1439186c8c83b7268052cb4e33	100	0.760783	0.131041	0.132397
191	34f5cf850a2c00dee3c754245f	100	0.766257	0.136043	0.136684
191	31e1e37139c2187c2798f7ea57	100	0.618625	0.179231	0.184046
191	03829801e2e7571affb718b69b	100	0.774224	0.128653	0.128921
191	3f9c8e9435f7a35bfff21b6dd0	100	0.740874	0.125027	0.126376
191	3e819c6798209397824479aa80	41	0.019713	0.001282	0.023392
191	26c175dee29a59f7c914d7d8e8	100	0.781469	0.124654	0.127373
191	12e7ab69cb91c7c5cd1ccdc87a	100	0.782626	0.123610	0.125601
191	18225bec718ee07ab0e9fd4324	100	0.787734	0.123635	0.125780
191	1255308f08f8581666571e90d9	100	0.781130	0.126243	0.128244
191	1a4d80dbe204031a68d39bf8f1	100	0.749595	0.135482	0.136424
191	37a935e44874aa4d5a6a4be2ab	100	0.781979	0.130189	0.130225
191	2de91673fe671b9010f161c739	100	0.788802	0.126914	0.127764
191	082b2d78804e108148b7772153	100	0.772639	0.127256	0.127992
191	0f5b033ee90c6f6b236ef7d77d	100	0.769007	0.128407	0.129571
191	02787d331b8c8a429fcd08d5d7	100	0.760746	0.144852	0.147783
191	007045492cac694a5a68f145de	100	0.759199	0.143627	0.144617
191	3bcebce4fc07bd436d400a897d	100	0.762631	0.131167	0.132290
191	0fc5843a82b45d7d018c4fc328	100	0.791428	0.124962	0.126947
191	1fd8379440bd1454686db940ec	100	0.784694	0.122591	0.124504
191	3797b514fdb545975d62916508	100	0.785695	0.127778	0.129164
191	11dcea78c40432a5613b691c60	100	0.071089	0.000514	0.000526
191	1468a82b4568eaa8cbb7a831d0	100	0.275575	0.110469	0.157581
191	3c0f9b5ce7d50d7d7f85daa5b2	100	0.734425	0.153901	0.155337
191	1e8773bd5d512855d400f6e72d	100	0.779571	0.124865	0.126459
191	319f8f8f4312042533e0256373	100	0.784637	0.119623	0.121932
191	16d1601428b8c9e8c300e346f6	100	0.792594	0.122418	0.124545
191	3e30a894c650352f4f2a3165aa	100	0.775679	0.129031	0.130731
191	1b6d142c414b142ea8df69a16b	100	0.756950	0.145958	0.146222
191	03357a4b7b9c99208f8fdb731e	100	0.764675	0.130151	0.130589
191	11372621e45936de1db1931a2c	100	0.781952	0.126395	0.127748
191	24464d65d61432cddd6604729f	100	0.765256	0.138410	0.139905
191	2399ea1c06d6bdca9fbec015ea	100	0.726943	0.140849	0.143448
191	1e5ab29bd3a06af5627294058b	100	0.777734	0.133287	0.134108
191	1d330266ed5b88e3f73137c6dc	100	0.759926	0.137057	0.137729
191	24dba727b32691582ac2bb552d	100	0.715783	0.162376	0.163891
191	1ad9c205e1b7b306dffedff6f4	100	0.731258	0.137258	0.137967
191	07b4278b975b673445138d5cb5	100	0.788206	0.122482	0.123457
191	14858104a2b03e1b8889cfd4c1	100	0.739715	0.164236	0.164537
191	211b540a5f09ad81c929465575	100	0.752599	0.134559	0.136630
191	2f5f61cfb2773084414b649b38	100	0.782542	0.126282	0.128593
191	08e46caa9c69f55df7ce1c2931	100	0.782924	0.122662	0.123826
191	04885c613ecd44d5d93d4d4d1f	100	0.746773	0.159741	0.165647
191	2e6a46464e55b3c756a0004bf4	100	0.748835	0.132313	0.134158
191	194773b940066c6e458be984bd	100	0.800910	0.116359	0.117398
191	06467b55623c841ba408284fc9	100	0.759909	0.127421	0.127820
191	027bf6d7105bca9eb7b67a83f6	100	0.784380	0.119448	0.119687
191	179d6c6d162b2d00258796ef02	100	0.762426	0.141439	0.141769
191	391d130bdb44bee721dab34dde	100	0.782114	0.125981	0.126567
191	1f34d309a0f78303b8d2b01278	100	0.777603	0.123240	0.124755
191	1a70d64d4f9a3764e0fa084b5f	100	0.733993	0.157458	0.160497
191	0ca74447b83066118a3d59502d	100	0.763014	0.128803	0.128806
191	265f9e44b903e4a9c24c078e64	100	0.774613	0.130991	0.131346
191	0da19c1a838de60611e2aeb575	100	0.789786	0.121545	0.123297
191	14b99bc3143281b3fdf0fcf488	100	0.744493	0.143285	0.143616
191	27ed8de42fbdc2c08299e4704b	100	0.774474	0.131611	0.132584
191	1a449bd3a817c21b37158c7c0c	100	0.785378	0.123862	0.124070
191	0cee244b65e5ad151a090686a8	100	0.765693	0.135514	0.136773
191	1554f64fcd80b989b5f0752a7a	100	0.793758	0.121739	0.123132
191	0364718be1b9ad30f5cdf2ef34	100	0.754602	0.137123	0.137890
191	2ddb67fef6e479c8a724fbe3b8	100	0.021354	0.000122	0.000190
191	3c7ca281162d96d3d6d289ab34	100	0.788248	0.121038	0.122921
191	00c928d1f4289c8cca8fb22853	100	0.786887	0.122999	0.123063
191	00107d9749027fc04fa758e700	60	0.019586	0.005774	0.044265
191	28d203d65487f54e331f8a40e1	100	0.751947	0.136652	0.139624
191	2385f0eed5445611802fd18d87	100	0.804844	0.117893	0.118502
191	216e3bdd24ae8fd93d7b6cabd9	100	0.767732	0.126176	0.127334
191	0ef3cd54c7112df29fdee58008	100	0.088561	0.015320	0.023672
191	3bda0cc5f9869b2b7cbe18af48	100	0.773187	0.127650	0.130661
191	06181aa922c3122f6efe0ef4f2	100	0.791155	0.124148	0.124654
191	22196bb2ea1cc9bef72757bab4	100	0.766421	0.125085	0.126808
191	2762d7342aff4a116177660c23	100	0.789187	0.122440	0.122811
191	25e57213d91291d7a5be6c35e8	100	0.790076	0.121018	0.123509
191	37782f8cad1bbd9caadee3f7df	100	0.700915	0.138464	0.140128
191	0d8f7300af991b2ba5d043502a	100	0.720272	0.145342	0.147990
191	3e4f37919a77690a83a61ba2cf	100	0.789711	0.119469	0.121697
191	1df1b4fa9a0e5bdc4921251d5d	100	0.781892	0.124465	0.124642
191	0d98be9898941784d444648d03	100	0.747519	0.129294	0.129716
191	28d77f23b09e0a5f89a138ab66	64	0.019377	0.001456	0.027307
191	169e25f9e72ff43bd235f65355	100	0.769423	0.123517	0.124284
191	0f74755904a91bfd7fff350ec6	100	0.762127	0.135098	0.137008
191	11b0b35da1a622970facd8afb6	100	0.779706	0.127876	0.130455
191	3ab9584d0dbd1a968e177660b9	100	0.783444	0.127402	0.128889
191	079e781caf8d86049d239fea68	100	0.777718	0.125548	0.127688
191	1920b3b79fb4a914d75ea9268f	100	0.782335	0.127068	0.127963
191	3f0f6b20ae470511b4930cdc5a	100	0.777799	0.122068	0.123163
191	11efac2a70e1e032d365f41b6a	100	0.797848	0.121031	0.121066
191	2211e3235f47891c51797d3d0a	100	0.795696	0.119796	0.120506
191	366ea1a6b1f0ee6f08dc04f4e7	100	0.790241	0.122727	0.124053
191	22affaa91ea242cb32b4600f8b	100	0.765697	0.128480	0.130213
191	1159402187077087eda2dcbc17	100	0.773381	0.131549	0.132826
191	1475ade5d127763b0cf794dcad	100	0.788565	0.126165	0.127442
191	248ccc8150210aa2f1a0ad2b35	100	0.786376	0.120122	0.120225
191	36013748a72d9be75bcaaa5353	100	0.794088	0.121636	0.123067
191	01c936a949abfadab358ed4d59	100	0.780613	0.126647	0.127470
191	3807def55c6f333748b8f34d65	100	0.777118	0.128759	0.132775
191	1f69369474e5db84ea254e2f28	100	0.793708	0.126638	0.128096
191	1fe7a50d384429102771d7314e	100	0.779782	0.122858	0.124446
191	395d6ecabfd31f1ccd69d12e93	100	0.772468	0.127006	0.128461
191	1b3fb7e65711f0a1883e66f72d	100	0.770313	0.130712	0.132240
191	1f8dcb8f3b594a47b9b841a87f	100	0.761590	0.135509	0.137220
191	0c31953a726c86f3734b00d2e6	100	0.785885	0.125583	0.125773
191	112846b1749a42b8d1abacbf62	100	0.791891	0.123458	0.124720
191	0b6503ab0a9a44d0ec4885119a	100	0.758922	0.117530	0.120407
191	287daf38e4ead437dd33c6ac20	100	0.768146	0.131679	0.132071
191	14eb1ddd8a0a4e1352d0d41399	100	0.785799	0.120363	0.122148
191	174619725e48a8137ab18f6f92	100	0.769920	0.128531	0.130669
191	30418730024101530ef9839384	100	0.729189	0.147100	0.147769
191	3a4a91fbb1bb6330e87001b573	100	0.787265	0.131268	0.133093
191	02a03d0851312e8c5af422565c	100	0.776560	0.128435	0.132292
191	1b7fe535c914d412fba20307fd	100	0.758920	0.134487	0.135115
191	38fe2e9ec73627304f85ecaa0a	36	0.019783	0.003729	0.086566
191	06d7d24f5618516d2aab2924da	100	0.763051	0.131416	0.133972
191	14c32d1f2c3fd6f97a7b5ae5c9	100	0.777603	0.123824	0.125253
191	2e1b0936bbf8beb85bd3dadf6c	100	0.035360	0.017647	0.035034
191	04d3472da3b31aec7fe83493ff	100	0.744632	0.146661	0.149154
191	080280b02b68fff337765413f3	100	0.781426	0.126740	0.129262
191	1cb3ba9b76e3a6c63f4759836f	100	0.651598	0.203217	0.203274
191	14b23ef0ca19d191d84632af6b	100	0.731643	0.148558	0.148755
191	25c2874b01d56d50b66ab720f4	100	0.785752	0.124863	0.126993
191	30c5e789ff440b68f3642b7f3a	100	0.739907	0.147148	0.153432
191	2e79622b3c680d65027d90e1e6	100	0.782482	0.124898	0.125807
191	0145d12ea81eef4028017254b6	100	0.761116	0.126443	0.126874
191	0198fbf0858adbbe89456584f9	100	0.781289	0.125523	0.125854
191	30ae132f1c4e0316e3a48ada91	100	0.764184	0.130906	0.134562
191	36ffa383ecc11c9f3f977896f5	100	0.617725	0.184603	0.185010
191	333be5dc8fff3d97d64c5b7ea2	100	0.734564	0.123125	0.124727
191	2ef9d16205ee9d3a503e1d91a7	100	0.767923	0.133507	0.136016
191	2a78ac9f53a41fa8cc198832d7	100	0.775718	0.129014	0.129438
191	2b915643eda531d623394959d9	100	0.784758	0.124536	0.124909
191	06d4929b80f3a653bd418a698a	100	0.786147	0.120972	0.122153
191	2a1f5522d310a39f687eb76aef	100	0.758465	0.145306	0.149502
191	1f2a3a30d53baf5e1ec7e53cf1	100	0.765362	0.125040	0.126250
191	333cd33733a4a8f370f43f16d8	100	0.788927	0.121593	0.123174
191	3df39f72ea48cc9a35f814ba09	100	0.226436	0.057593	0.121209
191	1cd1af36e3520a4dc772cea9cd	100	0.775852	0.128600	0.129053
191	2be88ea7884ebcecffb80559e2	100	0.771173	0.129248	0.131619
191	08ec7843f91b96ef31fe29cbac	100	0.788437	0.119810	0.120979
191	10f8c42b559e6a357657e9ea7d	100	0.749369	0.137978	0.138431
191	11e53f8d60c71acf80e0d97fcf	100	0.757600	0.145030	0.145757
191	3d77f96d200e64fbf97c6b1841	100	0.757436	0.140451	0.141601
191	3816ae412560051a73562f425b	100	0.778307	0.123356	0.126563
191	0618557b1b172efa49f3ae326b	100	0.763580	0.137495	0.138683
191	1f94c30215ec32670f2a2f05fd	100	0.773650	0.134526	0.135422
191	3874039f6f2cf7696bb570e6e4	100	0.771679	0.128594	0.128661
191	22b068f49590c362ef4a3f8cc1	100	0.780231	0.133626	0.134239
191	0e132bff046004f764049ff36d	100	0.739931	0.154969	0.155280
191	3bfb6985a56173f7ea8f4a54b0	100	0.768152	0.137322	0.140894
191	136ce7d72bc5f3ae65b0b2f36b	100	0.773099	0.127662	0.128370
191	3ea3228a163930ec10f39c6027	100	0.685984	0.166241	0.170666
191	25a24a8e53d77b4ad913c397d6	100	0.757534	0.141177	0.141872
191	152e92d313fdf56816a0a7f8ef	100	0.795044	0.119721	0.120196
191	01054f7e023f6098ecc8087e77	100	0.733678	0.142848	0.143987
191	136940e68d0bea9b4d4a319cd2	100	0.801115	0.119396	0.119478
191	16856701c18ae07fa25b56d588	100	0.781662	0.130120	0.131707
191	3395f35167bde3f3fa2366d5a2	100	0.758689	0.125234	0.125573
191	3acfe96ee40e2302e516ee0091	100	0.704909	0.146491	0.149480
191	2fb1a0c1781e0d035420b0237b	100	0.751314	0.137411	0.137625
191	1c9fc773c3eba3a0b4d25f040f	100	0.766335	0.142339	0.145227
191	3d803c37255e81d45492cffb4c	100	0.793367	0.118990	0.119666
191	3f105619864938aae95ded5e12	100	0.807459	0.115001	0.117340
191	339c5d29f8b05db422be82d927	100	0.777777	0.128160	0.129306
191	1669cff36c85d820c10805cc2c	100	0.773016	0.130486	0.131488
191	0b4bb19ba12e23fcb7903860c8	100	0.745838	0.150273	0.152255
191	35412737eae7e43747844366f9	100	0.790824	0.120140	0.123078
191	1e6ab84125e7ad173c4bc29fb8	100	0.778616	0.128075	0.128442
191	3b9833b3b0d2d83c41fdf2fc20	100	0.762202	0.135601	0.139696
191	120dc11a0e8149c3d0239a100b	100	0.724979	0.123292	0.124607
191	30b8667a0a0966f69af20aad35	100	0.780909	0.127702	0.128048
191	147fc62d812d4562ec187e680f	100	0.805817	0.118269	0.118915
191	3163eeaacd4e5276f2f2308308	100	0.810871	0.116665	0.119915
191	2a540a12f50f10bbfb6224df04	100	0.773492	0.127996	0.129206
191	23ba77701500019c74f0fcf68a	100	0.685595	0.174070	0.176086
191	1a353fe8509f0b88e481446872	100	0.774460	0.121407	0.123460
191	2624317beb1d32e44c372b8076	100	0.801533	0.117809	0.119519
191	199ab8ce56649898f0d172f6ce	100	0.788161	0.123665	0.125363
191	02434d761b64de1c8cce5f7c4e	100	0.769990	0.125106	0.125147
191	23f69c94c845d9ce041c1d6639	100	0.754744	0.132451	0.135165
191	00f2662c3ffe4b498b70908ad5	100	0.796441	0.120555	0.120907
191	214821bf281c2b6dba6e7777a4	100	0.783184	0.127849	0.129239
191	17bede7335943e5263309d92ab	100	0.754199	0.127474	0.130174
191	3d258cc946a2645d0896b933dc	100	0.776031	0.121938	0.124657
191	1bb052c4b928c0bf26e567aa1b	100	0.709860	0.156348	0.158475
191	39986e2e1ce81894c46793161e	100	0.797084	0.120491	0.121961
191	041d4c25f25cc233387f9416a8	100	0.765560	0.134768	0.137767
191	2cac920cecce3633bb7de87c98	100	0.791589	0.122697	0.122984
191	0620de94b8e61a3f5372001102	100	0.737812	0.128937	0.132204
191	0d6688f5d8317e88337484b545	100	0.771502	0.126332	0.127625
191	052acd53122ed2cf87ac39ae51	100	0.791905	0.123786	0.125680
191	2a2a4c4ebea18bcb63b67eb578	100	0.773812	0.130636	0.130947
191	2185969ac6f2e2ec4da1e70b61	100	0.770040	0.133548	0.134581
191	1c7ee7e950d3f2f8b28bc49185	100	0.744539	0.135361	0.135403
191	1e46282e36130de8919d7fb3bb	100	0.794958	0.121279	0.122411
191	1d03282b137211f82ff125bbb7	100	0.744585	0.144424	0.145296
191	2aeb9741f05d9ca7b9af3ba84e	100	0.730709	0.170201	0.171082
191	0e2be5dea098d7b7e06a7da78f	100	0.761154	0.136031	0.136997
191	32f526ba6b227cb1651f683ac7	100	0.788878	0.125636	0.125829
191	24832c7c4558a16323e73f7744	100	0.760787	0.138676	0.139587
191	09c0cf71d5cf99750a1366570b	100	0.751300	0.143163	0.143919
191	20a30eda8e08958e80ee71bc1a	100	0.786147	0.124877	0.125069
191	142d18ddfd5df3c70ac9c59e1e	100	0.779378	0.130546	0.131527
191	3f2a20222673ff5e7ab5db70ec	100	0.322418	0.085721	0.139682
191	09a7c2d462bc9e36022ada8b3c	100	0.796749	0.120766	0.121407
192	31e28d2302f641ea195fa70ea2	100	0.791417	0.124706	0.126286
192	25e6e34e8f06b3081bc29f7501	100	0.642836	0.190837	0.193695
192	3ac00113261204cde806997d18	100	0.739350	0.132850	0.132960
192	1a4ac613c42a4eccd4fd856e66	100	0.794957	0.122321	0.123975
192	19043d69e259e2d95dca36a4ba	100	0.781156	0.130528	0.131781
192	3011c29444844559e4d0355676	100	0.756908	0.127587	0.128158
192	242679cc4604c2906bed82adbe	100	0.751321	0.141056	0.142907
192	24da3f81818f16010fb8b6e958	100	0.791826	0.121631	0.123432
192	35f80b11b300470249cc40818f	100	0.735951	0.142031	0.143344
192	0a51979b41df723536622ae3d7	100	0.790132	0.124307	0.125704
192	1843c0cc3307257444e5f6928d	100	0.762517	0.128373	0.129536
192	25b1f352fdae7c8489d173cc5d	100	0.745882	0.145504	0.146251
192	321ece431377bf7b88e56691af	100	0.759600	0.131230	0.131373
192	076202df64684fe74e075849af	100	0.764637	0.138062	0.138276
192	2223ce897e31e25642c8bd2ff7	100	0.777537	0.127655	0.127976
192	2f17acd3f2462ff60fb8d2bf7b	100	0.076728	0.000327	0.000343
192	3e682f9215d1ed25574a19c98c	100	0.791002	0.122306	0.122869
192	02330de59a6c200a109b1228b8	100	0.691340	0.162593	0.163177
192	1ece6a33817ab79328e9e13969	100	0.783860	0.124819	0.125441
192	30095753ab172fbe7988d4bdee	100	0.768478	0.130893	0.130959
192	3ff850cb8ee3830f4876a86901	100	0.733128	0.149207	0.149769
192	00c2aac5ddaf5643315f0d38f3	100	0.810854	0.115801	0.116452
192	34955d0e1ae7dd964fe1b79e78	100	0.785902	0.121478	0.123877
192	3636c66d8414a6ce54f77b918a	100	0.810499	0.113703	0.114237
192	3011d0ada8c114034f3b3c1b0c	100	0.772413	0.126231	0.127061
192	33e2c290e101fa51caa7e22288	100	0.783342	0.128068	0.131966
192	2cdc25350d2e219faf974ab92d	100	0.794687	0.118643	0.120176
192	04f9efd0f6d7ae92618b407ff0	100	0.733044	0.145679	0.146542
192	3de82f105e89f9264d60eb5a4e	100	0.800724	0.118063	0.118736
192	232d1b1d249c0c0b92be59ce40	100	0.710100	0.160040	0.164275
192	096d12efc86bcd2ea70a8cfcd8	100	0.782046	0.122634	0.123178
192	0a4c72e76ed9a33110ac5cb14f	100	0.786195	0.127173	0.127795
192	0e717a948c63d059b5f4f2ac87	100	0.772515	0.130746	0.130998
192	372f15a4e9140248f9333ea30d	100	0.783077	0.123803	0.124107
192	05873a925a3316a09bb549adc0	100	0.684311	0.164599	0.174962
192	024b1fcfa1490e5e3f34c73e33	100	0.797160	0.120590	0.122408
192	108636810d44950fc54bdad959	100	0.780785	0.123966	0.124979
192	028a64fe27a5a907954d8b3ce3	100	0.769376	0.126254	0.126799
192	0db247ac25415a1c4e5051ed71	100	0.769227	0.129307	0.132128
192	3960699b881656fd19a412cc48	100	0.746442	0.157189	0.159074
192	0594cf35a89f27e2fd52b14ba9	100	0.750226	0.135910	0.137422
192	18cf0dec9e115de7653ce1c634	100	0.789254	0.120436	0.121219
192	29d80eaa3d42a9d9b0653bb416	100	0.794266	0.120582	0.121180
192	3dc4a681dabb8b9969d035c08d	100	0.767378	0.134470	0.138984
192	17e50282992fca7ce405947cf1	100	0.791787	0.124338	0.126746
192	09d005dfb50720eaf32171993a	100	0.770803	0.131041	0.133061
192	2a5e9f5a912faa91f24b5114b3	100	0.759392	0.135199	0.136083
192	21d3dd5252aa6fd2918f4ce797	100	0.785277	0.126575	0.128670
192	16621d76172ccefbc2c14a6e3d	100	0.767115	0.128281	0.128722
192	09934952b583bd9f8db301653e	100	0.790586	0.126475	0.126895
192	16fb12b76ed89a01c1562cdb72	100	0.791419	0.122047	0.124209
192	00aca98b52788b538a14d7aa32	100	0.793010	0.126397	0.126543
192	12c4d1b640f473dc310be38219	100	0.765087	0.129460	0.129516
192	2a879e391617f127cafae6592d	100	0.727082	0.154206	0.155111
192	1795a34727b9c1015daa417a00	26	0.018444	0.002514	0.141569
192	32b81607d13d46aa0496f06416	100	0.781751	0.126506	0.127606
192	32df3eb078b2caca6624efd639	100	0.798480	0.120200	0.121688
192	26f56d3fcc4120c6244c3ce939	100	0.768371	0.136855	0.138342
192	2a5d674786056ac3bcfd421fd9	100	0.751805	0.134402	0.134604
192	232dbb9e2c2371c07dfe88f68b	100	0.765714	0.130076	0.133298
192	3b666ddc359ad86e50e708cb9c	100	0.784014	0.126388	0.126493
192	323b99d99d7659a7f8962c4493	100	0.796809	0.117395	0.117781
192	12b5c47fb501dd5d5664cb28f1	100	0.766214	0.131495	0.133239
192	32ee8a1343737700fcbdbdfc4b	100	0.762460	0.137757	0.139308
192	2fd20c5e18f945c535726391c1	100	0.734693	0.143503	0.145956
192	2ca98651da56cb08d8d47e8b07	100	0.787418	0.123459	0.123519
192	2c3b2bf06ca5f5962dfed9cd0f	100	0.770140	0.130512	0.134466
192	1822280e78b5ad3463e424aedb	100	0.773622	0.131173	0.132916
192	370dce3210944fce444fc22ff0	100	0.730739	0.143433	0.143449
192	19bcd646049f08c258cf729253	100	0.782412	0.121376	0.121552
192	24cb604538128234d3bdd45371	100	0.794957	0.120862	0.121467
192	2934a452fae05987e46f148364	100	0.773148	0.128771	0.131582
192	25edc4e949c692275b045bf327	100	0.773826	0.131407	0.132140
192	1e0d49af8364fb53df026a79ec	100	0.771935	0.129285	0.129569
192	30f35547f28a234d5216ad0761	100	0.755812	0.129360	0.129959
192	1cb7a50629401f506a9ba4a149	100	0.747456	0.135874	0.139895
192	0f4156c7d506b3cf8fea8c47fc	100	0.772824	0.133684	0.135853
192	05568ce8b4fef5d5b05c816b59	100	0.760473	0.133459	0.133545
192	188c18744576c17e40c682eb65	100	0.796987	0.123408	0.124976
192	0f9f2a832976a32a755b9f0a69	100	0.758473	0.133699	0.135178
192	20b6abce8c1d76dca48df5eef9	100	0.775276	0.129678	0.130173
192	397c8ecf149ff27b820fd778a2	100	0.762011	0.125906	0.127556
192	28d061f6446ea463e18d51bceb	100	0.761227	0.135576	0.136464
192	2f60b578d46bac7f6be239c952	100	0.777616	0.123950	0.124099
192	2cb60f58fc1d33c2eea2f46452	100	0.783747	0.131449	0.132009
192	246b84dafbf4562697cf052999	100	0.780214	0.133515	0.134625
192	2efeaeddffcdff8e92c56f5a26	100	0.439095	0.276300	0.276692
192	36065f353f847a1cfd2b7910b1	100	0.786878	0.122601	0.125552
192	19398b999663b4e2a34cde7ccb	100	0.792506	0.127063	0.127455
192	3d9b0d4ab9ef9c92fdd3e70973	100	0.730151	0.166657	0.172798
192	29f13a661b22e2de82c4d0049c	100	0.766757	0.126527	0.127367
192	028fa5aad31bcb86761fb197ca	100	0.773686	0.125672	0.128962
192	1cae5938279cd3661e57bf04de	100	0.802758	0.117713	0.117730
192	297a2cdde020c10ad33acf0dd4	100	0.778036	0.127163	0.128975
192	3f5a1798fcea14c099d4d33777	100	0.774149	0.136550	0.136643
192	3b34e9d558621f8caa2e8ab36b	100	0.782628	0.125091	0.125853
192	1eb2aa1eb2cf0131fc283bac26	100	0.770422	0.134664	0.135708
192	2f3fecde32f080ed4e09826c44	100	0.724303	0.158662	0.162667
192	37a5b3fbe6e2ab9dcce15eda5b	100	0.736394	0.146055	0.148696
192	0b2e878c2c11c10980a31f1a88	100	0.680739	0.184712	0.190362
192	012fb55ee3ab6167b86ca97495	100	0.788897	0.122539	0.122941
192	16515b8f3e3a66ce3a49d9b242	100	0.739679	0.148806	0.149265
192	177afe40c035c88a37da0b8f0a	100	0.765716	0.129343	0.131881
192	03f01f34a9a2161ba52025083f	100	0.130097	0.087252	0.103423
192	2a2d87f154017814409a8bdffe	100	0.766048	0.136174	0.137240
192	00a7902e164107041b8b370c27	100	0.764963	0.126434	0.128834
192	15149b391d12b73b8c22ee314d	100	0.785647	0.124018	0.124395
192	0d17b4479500db62f0d7fd7e9b	100	0.769766	0.132904	0.133615
192	07d224bde38922423fcc9f6c47	100	0.756353	0.150574	0.152301
192	19504eb7e909cda750710f3921	100	0.762508	0.133966	0.135725
192	147f7374cfba36be0197b2b957	100	0.773012	0.126546	0.127300
192	2fa72571304f628a93ddaef132	100	0.800057	0.115195	0.119713
192	3302227d3242673acbffbb7cc8	100	0.776038	0.128448	0.130094
192	16f227fc9d29f3117a73413229	100	0.788843	0.122365	0.122829
192	0d92305ac1b4b47e566b236dea	100	0.794533	0.122588	0.124468
192	1f929ee8f6a962e51a654da968	100	0.774553	0.133668	0.136241
192	0bc305919d9f847e975b209f8d	100	0.778520	0.127225	0.127635
192	2f1963a0e7899d748ee3b186d3	100	0.790559	0.119886	0.123535
192	1db2837f2877c79d01a144510d	100	0.781765	0.121605	0.122239
192	0936a215dc4b0bd5a96a261547	100	0.777094	0.124427	0.124613
192	25e05aac805a40374ae872b380	100	0.029136	0.003917	0.012537
192	0766c478634d37a03e3157ddef	100	0.781764	0.128666	0.132129
192	11fbf67018a11fd6b29ba026fc	100	0.788600	0.127512	0.127835
192	35d8bfc998cc0cdb1e2190295c	100	0.795856	0.118335	0.119494
192	348ff3143320a46cb9ec4e12ec	100	0.796774	0.117766	0.118285
192	11c0946fc7248bc0f0129ac3f1	100	0.792202	0.122519	0.122649
192	3b9a708758ceea161b1a5e31d0	100	0.771545	0.145002	0.146495
192	21e64dcaaaf68e63796e8eccdf	100	0.778716	0.131916	0.134101
192	03f183aacf397627e595a47c3e	100	0.773646	0.129534	0.130039
192	05ffbaf77dc275de6af96825b8	100	0.724849	0.145673	0.146741
192	1f7c0607f445d9940f9caeb469	100	0.727957	0.146592	0.147674
192	19e4d469acf81e837fa5f49b3e	100	0.750246	0.137194	0.138603
192	37f79c9136a11e904292045da1	100	0.765029	0.132446	0.136870
192	12e5fb61f8a539a9b3a38a3a07	100	0.780666	0.128427	0.130174
192	3130f96d9196eaa138b680833e	100	0.763094	0.136344	0.140440
192	149c04eec8e0e664a7b5d9c693	100	0.783972	0.127770	0.129381
192	086553d338c54bd55bea99bba0	100	0.770115	0.133265	0.133691
192	13a0f14666bf35c08b975c0051	100	0.722036	0.156590	0.160196
192	0bcdd6ea1ae525ea78ad76b63a	100	0.789815	0.122295	0.122681
192	07570a889661977d2c07735ae1	100	0.780261	0.127615	0.130605
192	1b31d75e10391fb516b5ebd0ce	100	0.793298	0.121248	0.122123
192	2f19d6a388d2536597b7e3663f	100	0.770388	0.136830	0.138043
192	312d44c6449d48e87aa47119eb	100	0.789589	0.124320	0.124957
192	1edde458638e9ee36e397b547b	100	0.785013	0.125775	0.125919
192	34b5e443cd66fc18fd4f19a0e2	100	0.791259	0.120942	0.122802
192	24580006153da490e5e3df316e	100	0.777495	0.130011	0.130427
192	18c774aa71abae51701862dc10	100	0.031296	0.008502	0.031736
192	19092dcaf7d020d489f32ae6af	100	0.780062	0.127155	0.128015
192	09ccea64cc814f51abbd5923c6	100	0.790810	0.122075	0.123659
192	2b71cefa4b3079c6be86ab2f79	100	0.774304	0.130581	0.133339
192	2de8f03c61b8c11af215484dd4	100	0.757369	0.134162	0.134896
192	1f5a7775d0c9db88236a6f5c1c	100	0.790303	0.120363	0.122351
192	2dc5f7c692cc7f487e1a1ad47e	100	0.763354	0.139861	0.141719
192	284e5c6473916cd943ed7a8882	100	0.766106	0.135982	0.137077
192	28a16db7797dd77569b93f85d0	100	0.778104	0.120007	0.122143
192	224329d54d4c8ca3572633ce25	100	0.794645	0.120496	0.121366
192	34feddbabb6b16f2311c5d62a5	100	0.770090	0.133921	0.135873
192	3f0a1846495b947b2ff5de1bb6	100	0.773445	0.134360	0.135590
192	3f21c89c3ce9f8a4b0cbb2062f	100	0.782859	0.127838	0.129388
192	377bf80b355616d3c7d3b7bd90	100	0.723548	0.132543	0.133650
192	1db173e81705ab2a502354ce0a	100	0.784005	0.124390	0.125989
192	26dd56005d3deff8d4fbe19748	100	0.746537	0.136093	0.136226
192	2cac08cc73defdaef4ff4fc3fd	100	0.693975	0.147094	0.149528
192	3eedd4e2c69f28d32be15fc3d8	100	0.765005	0.132320	0.133576
192	3a256dae94dc0efab24314a4fc	100	0.800943	0.118387	0.119330
192	2359f21d1ef22d907af518a7cf	100	0.783210	0.131785	0.132905
192	31c714ca00f2c6e0b7836bb237	100	0.777110	0.125995	0.127820
192	00dea19d8d9b07a7936122b650	100	0.755590	0.149800	0.152984
192	3fb313ff9c3dfa6b01a07990a7	45	0.019146	0.002177	0.040090
192	3f7b65c0a97b16f51c32498f29	100	0.788589	0.122282	0.123214
192	3fec841255c1b368a3a57b10e2	100	0.757432	0.139260	0.140790
192	273c2624c7f218f33eb6fd4304	100	0.752784	0.143114	0.145394
192	26b850b586f68979d5bc4731ab	100	0.783212	0.131747	0.133162
192	3c4981384e51b2dc1db4b2c24b	100	0.770576	0.135964	0.137680
192	3058393d1de45c1ee37b47ea80	100	0.561104	0.151449	0.181984
192	2c28e4c1fe608d04d2a7ae0338	100	0.768744	0.132831	0.136906
192	077b5ea8cd67a2d49da7229ba8	100	0.803054	0.115360	0.116604
192	3dbba2954552467a58b5038496	100	0.783102	0.119691	0.120123
192	1bfaf3b3f784a8c7d17029de1c	100	0.663109	0.156220	0.158541
192	2b03c5ee944922bf72fcb0bd86	100	0.768322	0.142657	0.146016
192	2515b1fa7b00541fb2dbb2dfa8	100	0.782571	0.125111	0.126408
192	2f2d7723534a4490ae8ffbcdfc	100	0.758985	0.137322	0.137495
192	03b8d040ef93c801d704794f5a	100	0.761985	0.142313	0.143333
192	2576547ac13e89fb483bace6fc	100	0.776886	0.127976	0.128708
192	2f17f52ad4aa850e3a6d595fea	100	0.764054	0.142158	0.143016
192	0b8a097f7f29c98ad1f5292397	100	0.798593	0.119969	0.120031
192	37108fae18ab4d5095374e8d7a	100	0.746436	0.149871	0.152384
192	22e3ca5f9d297ac5fa91655a43	100	0.757879	0.149740	0.149861
192	243a5e6010a7fa537f6382495d	100	0.753519	0.139326	0.142405
192	30d5ae165703879211ee944d06	100	0.787850	0.129953	0.130222
192	063f14c286e1dcc7465b8cdbfe	100	0.745774	0.141305	0.142143
192	092b7c3c7c6ee553b454f46b52	100	0.760798	0.132490	0.132885
192	26bef3d5d72adb2bf0e0ff8527	100	0.766172	0.132486	0.133698
192	33659f38c6ada95558536c1e42	100	0.764587	0.127234	0.128875
192	03ee0017406c7bd77c8e0475ce	100	0.740163	0.141521	0.142331
192	36a1f87f23341d98f6b90ec649	100	0.783444	0.122949	0.124146
192	3bd01e656f3aa8b5b99011722e	100	0.769328	0.135134	0.135700
192	28b4c72728a3f2771d17092b82	100	0.773694	0.122691	0.124882
192	1e994377a0d33f9f4f0e9555e7	100	0.775464	0.125958	0.126957
192	3bfb71f7242c8230fc14ace92c	97	0.019114	0.004050	0.019730
192	07ecbddd6b026e5a5ed68fb868	100	0.784210	0.129998	0.130913
192	1d67e8fe5f9f93f2a88f3a8128	100	0.764045	0.134681	0.135334
192	3cebfc82a46fcb314f2dc4c1bd	100	0.027851	0.002195	0.004469
192	37879c68cea5777b6acaf12ce8	100	0.776295	0.120531	0.121917
192	21c1a55d78abbc76a2e396df62	100	0.765504	0.130405	0.132780
192	33d6af97e5ed9efbff2ac0a615	100	0.613514	0.151528	0.152062
192	2ce53f25d1f60ce919a6c81d89	100	0.792608	0.119308	0.121172
192	0e6a1760602a9806709170a0a8	100	0.691165	0.187046	0.191444
192	1a427f92c1e954a925c10aff40	100	0.759804	0.147007	0.150917
192	257e55245f6f0c86b0e96ecd06	100	0.786177	0.125922	0.126561
192	0388c1291ea64e5fa6c146e975	100	0.758651	0.136839	0.141131
192	0c6e1ca4ad798f6ab2de8b96f5	100	0.775682	0.124289	0.126268
192	2c32dbdd240be120205d69c66a	100	0.772965	0.128481	0.128649
192	0ef2e0e19b9be487b53d353b62	100	0.766791	0.127647	0.129684
192	286710e699e6b8e453dac83ae5	100	0.793988	0.125580	0.125722
192	1288d28b3c9e4449b5a4b5c0bd	100	0.781946	0.127809	0.130729
192	06140b7c17adf769c373deadad	100	0.732233	0.149334	0.150201
192	1896a3246a1bd5cdba50205182	100	0.734477	0.123434	0.124083
192	02e4c8a6bfa9cb2b051c25fe7c	100	0.765649	0.129131	0.129147
192	3bc3c5b81e2149674c3c1c9828	100	0.710672	0.181818	0.182182
192	1529dcf3ec4f5fcd39fcf1e80f	100	0.760692	0.130352	0.131217
