206	33db14f4444a09ebdacb95af42	100	0.785518	0.125059	0.508117
206	002bd080ac7de6503666135655	100	0.763858	0.129628	0.440375
206	1f65dcdcf3fc1c1d289578e918	100	0.762501	0.133185	0.506021
206	085b73518cc375d725c696e575	100	0.773766	0.128170	0.515308
206	211d2b755f48cba5e17981154e	100	0.755937	0.136217	0.466196
206	380562ad91c3f40c5f01f84517	100	0.776389	0.128516	0.453071
206	17c3b880e36b529b45a24b8a47	100	0.780204	0.130653	0.452383
206	30d20c316c706f2ef11f8317cf	100	0.711381	0.163231	0.507346
206	3b7ebd5851e55b151f3e874629	100	0.773978	0.126366	0.502721
206	042e3f66bd4912bc684a81ab0c	100	0.787538	0.123366	0.470067
206	21d89720565d2fac2fbf09001a	100	0.754832	0.131573	0.432846
206	38915aba1b5f4f62b3c8377889	100	0.790021	0.121962	0.516221
206	06e925e190f6029382bd1bd012	100	0.724628	0.160132	0.398021
206	373c8a8467247a1c9d9b53caff	100	0.765494	0.136938	0.541512
206	1085981ae62aa68547adbe0485	100	0.751198	0.144253	0.439679
206	3836c0b5ffcfdd9a4617c9f329	100	0.737044	0.148425	0.583746
206	11f10eaf12c6b532b097ca5d54	100	0.784690	0.128445	0.492842
206	3b06b679fd0eade9d55603b142	100	0.775599	0.131208	0.511204
206	197642285d61608e2eeadd05d4	100	0.760907	0.139114	0.459450
206	0a0f7e41e4033b3830a1dcadf7	100	0.794749	0.123596	0.528225
206	10ccec4ce3d73227d9afd900d1	100	0.796274	0.124878	0.481762
206	219e11f3c90f3619b7752bf1b6	100	0.809699	0.115005	0.519467
206	13c0d5e4895dcae753c0287d03	100	0.784800	0.130205	0.445533
206	3dfa3c8588e7aab12efbe21c42	100	0.788128	0.122862	0.537092
206	35d80c51cc677a37ddc321301f	100	0.766613	0.138243	0.468646
206	277d2de5dea1cd038e115bf4f6	100	0.788225	0.125474	0.526975
206	19faae9b3484899015a60eaf3b	100	0.775330	0.139778	0.548071
206	1067d85407928c1097382fadef	100	0.750157	0.147474	0.525925
206	3b90892cb567362799aa817bc3	100	0.797726	0.119285	0.513804
206	0769cdc4d41addbba31aa80ec3	100	0.753360	0.140777	0.506238
206	2a7639dcbd7ca2b8de55841647	100	0.778467	0.125934	0.500238
206	15d0c406c3cf54f371760ad0c0	100	0.075156	0.000023	0.072908
206	28fdbc981f8a62cf72f1772171	100	0.787240	0.123488	0.489296
206	13326440246e3da3e1bb6af947	100	0.743069	0.143072	0.517842
206	34c0a3b3d6ea0aafcefd32bbd8	100	0.709463	0.160371	0.589400
206	027bdf50ce9070a5cf4a1060e5	100	0.773041	0.127003	0.420142
206	1f13647ce757e484e5e135107b	100	0.764283	0.131695	0.468800
206	097e9efeec5ab3889a029a606e	100	0.734979	0.153602	0.536529
206	27fb539f41f73fc73b84a81e1e	100	0.768361	0.137932	0.568821
206	2813a19172428996acf683ba7b	100	0.769921	0.135781	0.507400
206	191b65e7f309cf5b98abcbbc52	100	0.766799	0.131481	0.568762
206	31b6a8d236da5f0943eb1d477a	100	0.789589	0.130149	0.541483
206	383ab163128f0ad67277163b84	100	0.774990	0.130855	0.456900
206	3156a1c4ff2950bc92346b6842	100	0.690067	0.164685	0.408221
206	0ba35d49dd8cf89ddc660eb902	100	0.798950	0.118353	0.492096
206	3f00db830ddb7a2920894dcd74	100	0.805566	0.118669	0.511004
206	33ae269a99cd8089b1ec2d04da	100	0.765242	0.130613	0.454254
206	3b586722721ddde4d2dcf1d1c2	100	0.770539	0.124880	0.549621
206	32fc07c909fbd5b76c6afcc57b	100	0.764671	0.132377	0.570638
206	1565c760f3bc7252a017508570	100	0.767828	0.137943	0.429588
206	0c8c9470e86da0d91eb7b61e61	100	0.788591	0.125155	0.471737
206	06ca06458de88d8146757e6fec	100	0.792447	0.122033	0.545850
206	03b87e4d517db6eaf8adeb01a8	100	0.740646	0.135741	0.523679
206	2233ff464912e6728bbe3cb2f0	100	0.801639	0.118894	0.536133
