206	009ef96711dfbee0513a90a090	76	0.019917	0.012242	0.011217
206	3d4403a2e9f179119ab1d510b0	90	0.019951	0.013090	0.023271
206	2bfcf170f18f47108305a86a90	100	0.033468	0.022454	0.022787
206	0822c9dff9148d209ab200cae0	100	0.026191	0.005484	0.010504
206	0715dde195e109487316f371df	100	0.056878	0.012612	0.492050
206	2410f90c3c1ad303184fcf7bf5	100	0.462645	0.114187	0.449612
206	184af6a375706e604132428008	100	0.226636	0.136069	0.083196
206	0781dacd5bd3d20501ce483466	100	0.272416	0.145266	0.499225
206	31445202992e8424e138e10428	100	0.533495	0.187752	0.297196
206	1125390c5add882663707cbf2f	100	0.029740	0.004565	0.481625
206	3515080e9f1f901ded2c222408	100	0.370216	0.204903	0.134392
206	2f52d5ea152c8c90c2268d8660	100	0.071780	0.030082	0.028075
206	1733981849c04af6ae996424e0	22	0.016825	0.003294	0.004404
206	3a96bf992f7527f42eb3dab5ef	100	0.161820	0.125971	0.052700
206	305cb6ddda2c4e21184b802670	100	0.022961	0.000511	0.006983
206	1cefed47ef30e2abc2fab59c8f	100	0.573122	0.179097	0.336475
206	1ff2bc7cc13d268fd438c5d6f4	100	0.493402	0.174711	0.434708
206	2f6ad89296f7e1e79ee4eff181	100	0.076612	0.043783	0.040892
206	0c83820e0060061941946a68f0	100	0.317039	0.179161	0.145883
206	022478c58a1fbb91f2022bf36f	100	0.074624	0.035564	0.448671
206	06273cd54233f548a66e4bc060	100	0.095645	0.033007	0.037679
206	1384bbf3f0da584d09c2c88088	100	0.471581	0.286510	0.225662
206	0045c6f8269fa82435cf56ecff	100	0.024985	0.006779	0.452921
206	37fa0df5c75f284a7216801b2b	100	0.187203	0.080429	0.479067
206	131a8d7c583c89551ccd48c1dc	100	0.084828	0.038768	0.495892
206	3bfefd222c3875a02d732e6fd0	54	0.019845	0.004286	0.007317
206	3b9629635edae6b69e815a5e02	50	0.019219	0.005563	0.007246
206	2c13b0a7d574623e8ffa9560e0	100	0.629742	0.205639	0.472296
206	1cde2410a7da1cdd2db0b6a937	100	0.744513	0.140202	0.469275
207	009ef96711dfbee0513a90a090	80	0.019977	0.010760	0.011096
207	3d4403a2e9f179119ab1d510b0	87	0.019882	0.013661	0.022908
207	0822c9dff9148d209ab200cae0	100	0.028083	0.006504	0.011433
207	2bfcf170f18f47108305a86a90	100	0.030523	0.022130	0.022142
207	2410f90c3c1ad303184fcf7bf5	100	0.457558	0.110715	0.447362
207	0715dde195e109487316f371df	100	0.060149	0.011567	0.486138
207	184af6a375706e604132428008	100	0.215786	0.137982	0.078475
207	0781dacd5bd3d20501ce483466	100	0.300251	0.160926	0.499779
207	1125390c5add882663707cbf2f	100	0.032125	0.005484	0.477962
207	3515080e9f1f901ded2c222408	100	0.374989	0.206226	0.137758
207	31445202992e8424e138e10428	100	0.537194	0.184747	0.301900
207	2f52d5ea152c8c90c2268d8660	100	0.075323	0.031815	0.028858
207	1733981849c04af6ae996424e0	22	0.017540	0.002905	0.005042
207	3a96bf992f7527f42eb3dab5ef	100	0.154835	0.123258	0.050054
207	305cb6ddda2c4e21184b802670	100	0.022217	0.000572	0.006554
207	1ff2bc7cc13d268fd438c5d6f4	100	0.492587	0.173287	0.434192
207	1cefed47ef30e2abc2fab59c8f	100	0.572072	0.180985	0.335129
207	2f6ad89296f7e1e79ee4eff181	100	0.075514	0.042118	0.040208
207	0c83820e0060061941946a68f0	100	0.318647	0.176890	0.144588
207	022478c58a1fbb91f2022bf36f	100	0.074019	0.035471	0.472167
207	06273cd54233f548a66e4bc060	100	0.091219	0.032561	0.037192
207	1384bbf3f0da584d09c2c88088	100	0.470042	0.290112	0.228358
207	0045c6f8269fa82435cf56ecff	100	0.029491	0.007628	0.439800
207	37fa0df5c75f284a7216801b2b	100	0.178762	0.077795	0.480271
207	131a8d7c583c89551ccd48c1dc	100	0.088740	0.040121	0.495262
207	3bfefd222c3875a02d732e6fd0	54	0.018042	0.003332	0.006942
207	3b9629635edae6b69e815a5e02	50	0.019336	0.005375	0.007579
207	2c13b0a7d574623e8ffa9560e0	100	0.632954	0.206596	0.470983
207	1cde2410a7da1cdd2db0b6a937	100	0.744094	0.140219	0.472446
208	3d4403a2e9f179119ab1d510b0	79	0.019732	0.013241	0.023113
208	009ef96711dfbee0513a90a090	90	0.019965	0.012249	0.011442
208	2bfcf170f18f47108305a86a90	100	0.031282	0.022437	0.022658
208	2410f90c3c1ad303184fcf7bf5	100	0.459797	0.111906	0.446804
208	0822c9dff9148d209ab200cae0	100	0.030564	0.007191	0.013187
208	0715dde195e109487316f371df	100	0.059479	0.011663	0.474825
208	0781dacd5bd3d20501ce483466	100	0.270771	0.152137	0.499146
208	184af6a375706e604132428008	100	0.216876	0.137282	0.079250
208	1125390c5add882663707cbf2f	100	0.031938	0.005259	0.438454
208	31445202992e8424e138e10428	100	0.540706	0.185267	0.297696
208	3515080e9f1f901ded2c222408	100	0.365355	0.205202	0.131750
208	2f52d5ea152c8c90c2268d8660	100	0.077277	0.031648	0.030200
208	1733981849c04af6ae996424e0	21	0.019470	0.004335	0.005117
208	305cb6ddda2c4e21184b802670	100	0.023967	0.000870	0.007058
208	3a96bf992f7527f42eb3dab5ef	100	0.158056	0.121519	0.050417
208	1cefed47ef30e2abc2fab59c8f	100	0.572560	0.179017	0.333667
208	1ff2bc7cc13d268fd438c5d6f4	100	0.499972	0.176793	0.435417
208	2f6ad89296f7e1e79ee4eff181	100	0.066148	0.035915	0.035883
208	0c83820e0060061941946a68f0	100	0.297667	0.170437	0.136858
208	06273cd54233f548a66e4bc060	100	0.094809	0.034393	0.038267
208	022478c58a1fbb91f2022bf36f	100	0.071251	0.033647	0.471988
208	1384bbf3f0da584d09c2c88088	100	0.467851	0.289237	0.226283
208	0045c6f8269fa82435cf56ecff	100	0.025599	0.006164	0.499783
208	37fa0df5c75f284a7216801b2b	100	0.171811	0.077111	0.480004
208	131a8d7c583c89551ccd48c1dc	100	0.079702	0.034954	0.496204
208	3bfefd222c3875a02d732e6fd0	52	0.018191	0.004110	0.006504
208	3b9629635edae6b69e815a5e02	50	0.019994	0.005588	0.008458
208	2c13b0a7d574623e8ffa9560e0	100	0.629950	0.204235	0.474225
208	1cde2410a7da1cdd2db0b6a937	100	0.745112	0.140459	0.471354
209	3d4403a2e9f179119ab1d510b0	88	0.019559	0.013438	0.022833
209	009ef96711dfbee0513a90a090	100	0.020978	0.011785	0.011625
209	0822c9dff9148d209ab200cae0	100	0.026161	0.005081	0.010521
209	2410f90c3c1ad303184fcf7bf5	100	0.471542	0.116656	0.449383
209	0715dde195e109487316f371df	100	0.060055	0.011870	0.489633
209	2bfcf170f18f47108305a86a90	100	0.028993	0.020056	0.021596
209	0781dacd5bd3d20501ce483466	100	0.282700	0.151285	0.499246
209	184af6a375706e604132428008	100	0.233330	0.144464	0.084987
209	3515080e9f1f901ded2c222408	100	0.365633	0.206809	0.132358
209	1125390c5add882663707cbf2f	100	0.029844	0.004633	0.476367
209	31445202992e8424e138e10428	100	0.537879	0.185014	0.296883
209	2f52d5ea152c8c90c2268d8660	100	0.075886	0.030857	0.028471
209	1733981849c04af6ae996424e0	22	0.016575	0.003139	0.004708
209	305cb6ddda2c4e21184b802670	100	0.023320	0.000893	0.007292
209	3a96bf992f7527f42eb3dab5ef	100	0.165777	0.127045	0.053746
209	1ff2bc7cc13d268fd438c5d6f4	100	0.491444	0.172697	0.436308
209	1cefed47ef30e2abc2fab59c8f	100	0.572292	0.179910	0.333337
209	2f6ad89296f7e1e79ee4eff181	100	0.067884	0.037656	0.037379
209	0c83820e0060061941946a68f0	100	0.311007	0.176349	0.141942
209	06273cd54233f548a66e4bc060	100	0.095366	0.033350	0.038363
209	022478c58a1fbb91f2022bf36f	100	0.066924	0.031494	0.454829
209	1384bbf3f0da584d09c2c88088	100	0.466826	0.286179	0.224929
209	37fa0df5c75f284a7216801b2b	100	0.175146	0.079166	0.481617
209	0045c6f8269fa82435cf56ecff	100	0.026320	0.006068	0.445225
209	131a8d7c583c89551ccd48c1dc	100	0.089851	0.040990	0.496567
209	3bfefd222c3875a02d732e6fd0	54	0.018672	0.004105	0.006250
209	3b9629635edae6b69e815a5e02	52	0.019774	0.006184	0.008433
209	2c13b0a7d574623e8ffa9560e0	100	0.629028	0.202244	0.470283
209	1cde2410a7da1cdd2db0b6a937	100	0.744340	0.139353	0.472258
210	3d4403a2e9f179119ab1d510b0	84	0.019981	0.014096	0.023267
210	009ef96711dfbee0513a90a090	90	0.019926	0.012139	0.011446
210	2bfcf170f18f47108305a86a90	100	0.032554	0.021153	0.023133
210	0822c9dff9148d209ab200cae0	100	0.026157	0.005776	0.010788
210	0715dde195e109487316f371df	100	0.060589	0.011979	0.480771
210	2410f90c3c1ad303184fcf7bf5	100	0.450468	0.109602	0.446029
210	0781dacd5bd3d20501ce483466	100	0.279988	0.152474	0.499396
210	184af6a375706e604132428008	100	0.214153	0.135495	0.078287
210	3515080e9f1f901ded2c222408	100	0.366575	0.208256	0.134233
210	2f52d5ea152c8c90c2268d8660	100	0.072830	0.028644	0.026925
210	31445202992e8424e138e10428	100	0.539324	0.183781	0.298792
210	1125390c5add882663707cbf2f	100	0.029458	0.004315	0.462829
210	1733981849c04af6ae996424e0	22	0.016794	0.003525	0.005021
210	305cb6ddda2c4e21184b802670	100	0.021521	0.001357	0.006587
210	3a96bf992f7527f42eb3dab5ef	100	0.167191	0.128343	0.054475
210	2f6ad89296f7e1e79ee4eff181	100	0.072284	0.040004	0.038946
210	1ff2bc7cc13d268fd438c5d6f4	100	0.498322	0.176969	0.433987
210	1cefed47ef30e2abc2fab59c8f	100	0.574296	0.176810	0.333588
210	0c83820e0060061941946a68f0	100	0.302964	0.171708	0.138625
210	06273cd54233f548a66e4bc060	100	0.097701	0.036863	0.039083
210	022478c58a1fbb91f2022bf36f	100	0.071925	0.034217	0.455192
210	37fa0df5c75f284a7216801b2b	100	0.179022	0.078430	0.480950
210	1384bbf3f0da584d09c2c88088	100	0.472307	0.285066	0.225171
210	0045c6f8269fa82435cf56ecff	100	0.022850	0.006179	0.457187
210	3bfefd222c3875a02d732e6fd0	50	0.019773	0.004356	0.006883
210	131a8d7c583c89551ccd48c1dc	100	0.082329	0.036528	0.496508
210	3b9629635edae6b69e815a5e02	52	0.017610	0.005614	0.006967
210	2c13b0a7d574623e8ffa9560e0	100	0.629607	0.206573	0.471554
210	1cde2410a7da1cdd2db0b6a937	100	0.744506	0.139546	0.471475
211	3d4403a2e9f179119ab1d510b0	96	0.019676	0.012373	0.023117
211	0822c9dff9148d209ab200cae0	100	0.029342	0.006412	0.011737
211	2bfcf170f18f47108305a86a90	100	0.030790	0.022666	0.022096
211	2410f90c3c1ad303184fcf7bf5	100	0.466459	0.115049	0.449046
211	009ef96711dfbee0513a90a090	100	0.020668	0.012316	0.011562
211	0715dde195e109487316f371df	100	0.052113	0.009488	0.488967
211	0781dacd5bd3d20501ce483466	100	0.272123	0.146918	0.499337
211	3515080e9f1f901ded2c222408	100	0.368826	0.203776	0.134054
211	1125390c5add882663707cbf2f	100	0.031516	0.004373	0.470896
211	31445202992e8424e138e10428	100	0.538904	0.188280	0.297429
211	184af6a375706e604132428008	100	0.224285	0.136238	0.080588
211	2f52d5ea152c8c90c2268d8660	100	0.071932	0.028058	0.027287
211	1733981849c04af6ae996424e0	22	0.017788	0.003699	0.004871
211	305cb6ddda2c4e21184b802670	100	0.020905	0.000721	0.006237
211	1ff2bc7cc13d268fd438c5d6f4	100	0.495857	0.175481	0.436158
211	3a96bf992f7527f42eb3dab5ef	100	0.159966	0.126596	0.051087
211	1cefed47ef30e2abc2fab59c8f	100	0.572885	0.180453	0.335421
211	2f6ad89296f7e1e79ee4eff181	100	0.071395	0.040055	0.037308
211	0c83820e0060061941946a68f0	100	0.315341	0.177461	0.144192
211	06273cd54233f548a66e4bc060	100	0.096032	0.035137	0.039062
211	1384bbf3f0da584d09c2c88088	100	0.467587	0.285024	0.225525
211	0045c6f8269fa82435cf56ecff	100	0.029208	0.008064	0.475775
211	022478c58a1fbb91f2022bf36f	100	0.076215	0.036279	0.499667
211	131a8d7c583c89551ccd48c1dc	100	0.078764	0.035032	0.496337
211	37fa0df5c75f284a7216801b2b	100	0.182210	0.079875	0.481662
211	3b9629635edae6b69e815a5e02	50	0.019058	0.005875	0.007679
211	3bfefd222c3875a02d732e6fd0	51	0.018870	0.004719	0.006487
211	2c13b0a7d574623e8ffa9560e0	100	0.623673	0.206097	0.474892
211	1cde2410a7da1cdd2db0b6a937	100	0.744667	0.140102	0.472650
212	3d4403a2e9f179119ab1d510b0	83	0.019906	0.013274	0.022925
212	2410f90c3c1ad303184fcf7bf5	100	0.455499	0.110613	0.446971
212	0715dde195e109487316f371df	100	0.062773	0.012802	0.472013
212	2bfcf170f18f47108305a86a90	100	0.032897	0.022808	0.023475
212	009ef96711dfbee0513a90a090	100	0.020569	0.012816	0.011608
212	0822c9dff9148d209ab200cae0	100	0.025711	0.004437	0.010121
212	0781dacd5bd3d20501ce483466	100	0.275435	0.146822	0.498717
212	1125390c5add882663707cbf2f	100	0.032785	0.005379	0.486208
212	2f52d5ea152c8c90c2268d8660	100	0.079129	0.031837	0.029683
212	31445202992e8424e138e10428	100	0.545848	0.191155	0.300046
212	184af6a375706e604132428008	100	0.215608	0.131103	0.077517
212	3515080e9f1f901ded2c222408	100	0.377459	0.209197	0.137242
212	1733981849c04af6ae996424e0	21	0.018965	0.004094	0.005154
212	305cb6ddda2c4e21184b802670	100	0.022768	0.000732	0.006879
212	26f58a627db96a4060583b9893	100	0.783008	0.125450	0.439917
212	16fb0e677f5e00d780e95b2968	100	0.769020	0.127526	0.474604
212	01fde86b0b3121689d83687dc0	100	0.755480	0.154498	0.425683
212	01c7e603a4c0e26dc99ded9ee1	100	0.741409	0.153267	0.445583
212	377f1def582e599da5d5ee87be	100	0.784462	0.124865	0.428629
212	2147fb7c3e5d4159d3193feebf	100	0.772052	0.123873	0.404154
212	2575a9e6aa710092b974286861	100	0.629878	0.183372	0.320583
212	351e62665a8405080c95706874	100	0.713553	0.148327	0.375321
212	34bd82e788cde1e6b804715fa3	100	0.785729	0.125210	0.476667
212	326fb855d6b51ba61d37b21ae1	100	0.784469	0.123203	0.488579
212	30743e97311a5c8198da207645	100	0.765121	0.127734	0.439579
212	3a1063ed42ff0592f2a8b9134e	100	0.789154	0.127166	0.498696
212	0cda8b3d4bccd4f01cd285f66a	100	0.781592	0.127749	0.463975
212	21f628731719accf2db4b776ce	100	0.774804	0.128188	0.425667
212	244b0b26794ebf42ed8f7a2ba4	100	0.765666	0.130656	0.456550
212	39ebeb4c2e1076b932ac8a71fd	100	0.759854	0.144485	0.461279
212	0691edeeacce753cdb987b57b8	100	0.756510	0.127649	0.393321
212	02314a6baabdee2c487cec9486	100	0.775400	0.125570	0.485571
212	05c84016ae20a36698a4c89987	100	0.749892	0.132115	0.426187
212	2630c2581e15280a01bb94c4e6	100	0.784718	0.123528	0.444708
212	3f958b9087f5f28922317922bd	100	0.779403	0.128517	0.498312
212	17001318721e40d90adfa0ad9c	100	0.806444	0.117856	0.467087
212	14d5b1e46211a4ec19af750b2b	100	0.788197	0.127535	0.485358
212	1b97b885f6f18690fb91b2ecf3	100	0.717082	0.143883	0.369525
212	2d5072808e950691b3ad4f244e	100	0.795811	0.120785	0.468904
212	36872bfbcce2bb11be4cc8debc	100	0.746817	0.146238	0.407096
212	19094ac156f457f644fa69fbc7	100	0.773200	0.128739	0.447908
212	231489346d94ae1cbc9c1764db	100	0.758790	0.136641	0.489958
212	1f65f9696d1b40cb0f2e1fdf43	100	0.792448	0.122575	0.438612
212	3a606ade224f3f3794a3bb4dc8	100	0.764915	0.129444	0.461804
212	0843157e9090782d7caffd404f	100	0.782871	0.125830	0.486921
212	198fd0b43ef180eac78a01cb57	100	0.784049	0.127501	0.491804
212	3b8fdf892972e47b6a8195668b	100	0.762267	0.147805	0.442921
212	0fe314a6f90512096a3f701eed	100	0.788813	0.123360	0.492092
212	1414b75dad084bfa5464599572	100	0.789935	0.122554	0.459783
212	01e954ed4903c2dc380d5acb8e	100	0.763936	0.140079	0.480879
212	2a39f94dc75625f4f334ec087a	100	0.773408	0.124768	0.470217
212	18377c39e991a782b3f8f55d95	100	0.755722	0.130537	0.427338
212	325b5acdbb85f99cead36839d7	100	0.796161	0.116465	0.435113
212	2c2a85aff2ff53bdbca32dd11f	100	0.746020	0.158965	0.427083
212	0eae3ba2ca0ae2fe94ce89230a	100	0.806961	0.116723	0.457079
212	1f7ba195cfda4ffddf7d7f4e6c	100	0.719775	0.132172	0.332633
212	08dcb4702837b2c26d16939c73	100	0.770331	0.128491	0.461167
212	1579516c7fd8637a5369b8e47a	100	0.750643	0.143659	0.469242
212	27a957f85eed9434b9b3765a31	100	0.772762	0.128931	0.494458
212	3f248920ddbd167ae8b558c36d	100	0.775665	0.125272	0.459246
212	3f7f7bade72347e324ed7933ff	100	0.742711	0.148036	0.384029
212	20b63f078ab90053e3f89a6a5b	100	0.761957	0.132406	0.467121
212	1d6037537f6050ac34d2772aa9	43	0.018745	0.009020	0.416687
212	3247dcda334ab8461cac6cff2a	100	0.793331	0.121934	0.458762
212	3d024aca6bf5f506107b167621	100	0.763020	0.138331	0.432150
212	17d58e4ab102b81fee7f28066f	100	0.771105	0.133504	0.478654
212	33d93ca4fbcc69619fe3f020cc	100	0.778267	0.125830	0.480096
212	2434ffa970f65c0517b0a8a252	100	0.763065	0.135413	0.417058
212	3c394581d92a1e1fba72fe1a0e	100	0.782567	0.127168	0.495537
212	10eede0d334175d46b0ab67cf6	100	0.793120	0.119988	0.458600
212	3fc0be022e2be169542ebadcc8	100	0.803289	0.118911	0.470483
212	09c6dc421386011bcfa715cca1	100	0.760338	0.138301	0.450296
212	3ec3548c05c06714879ed6c4be	100	0.780181	0.127999	0.471850
212	37f9b7469efdde0786532dd529	100	0.761330	0.124426	0.436467
212	0cec9cee86953300e7b6f51164	100	0.793787	0.124054	0.495900
212	0186dd2862673bcc95afae937e	100	0.765750	0.138196	0.457554
212	0060df000ec05d54d2efe3c009	100	0.769953	0.130407	0.449179
212	2fb5fffec51a4e1036f45c24b2	100	0.756090	0.137451	0.454287
212	3ad7e9423cc4859208d496735f	100	0.699338	0.181954	0.460433
212	2864a83aa42f17edf80bb84fa1	100	0.773016	0.126621	0.498708
212	0b4c7e37e8ee0e67baa54cce01	100	0.786100	0.124392	0.489221
212	34db3c6969b1dd5e2d6022fb9a	100	0.797271	0.118642	0.483104
212	036c2d6eaf7f685cf4275f2f92	100	0.723821	0.146604	0.467292
212	094d5183bc2c360678d272c90a	100	0.769480	0.124506	0.477146
212	2cd6da6d46edc3bdd5af0f0ad3	100	0.779560	0.132121	0.455029
212	289c662074cb24195cb5c884d5	100	0.779934	0.121973	0.429158
212	1cf79e0b9f0d55b2c812d1c330	100	0.703750	0.183931	0.442200
212	0a9805d9605952a418b4cbf464	100	0.731254	0.169101	0.418958
212	00110c7e1ac040a37e51fe5860	100	0.547506	0.239627	0.296850
212	2eece3d8acc16a3748d5783df3	100	0.776329	0.130018	0.474029
212	21ccbec6b86e3637b3c3a75b70	100	0.781093	0.124611	0.465329
212	0a61bf97f86b7a1dd9b224e8f2	100	0.785644	0.126852	0.444900
212	1d871dbc13ef6acc6ddac69dbc	100	0.783504	0.121844	0.433050
212	0f2570816300be700a56ecbf14	100	0.769056	0.130789	0.481021
212	248bdde7e66ce99997b8ac867d	100	0.704977	0.170242	0.372358
212	2bdbb68bb08d2622901d348bd5	100	0.028202	0.000359	0.209746
212	21f54fe777bdf348d95cfd0814	100	0.771131	0.125750	0.442638
212	188647ba6ecb7f9d729af48a3f	100	0.743206	0.142410	0.411112
212	3d492db3f981bf7612fafb1e41	100	0.751968	0.130771	0.391342
212	11a85748ee562101a2932b558e	100	0.773072	0.128611	0.463562
212	0877c86b61df210e50c5656354	100	0.764039	0.135401	0.439096
212	103b3ff0ed87289bedaef48535	100	0.782377	0.120258	0.427558
212	275d772c1bef00a5576fad27cb	100	0.779566	0.130836	0.462767
212	0b2ce822f9bda93b22465c2f22	100	0.787999	0.118686	0.466783
212	00ad3fbea0cda5094e16915451	100	0.736104	0.140440	0.414488
212	391f6da8c4191953785f8cd39d	100	0.737797	0.141405	0.470513
212	2f0a7dac21257e5d306f6aa4bb	100	0.751141	0.138839	0.499638
212	0bf828e581f1788893845554a6	100	0.761715	0.136924	0.440483
212	3473b1b6a4370e38ab80055ee9	100	0.795243	0.120078	0.482046
212	022b317e39a0f41f44c69c7e37	100	0.767442	0.128726	0.498504
212	149db33bf833d00031958153a8	100	0.760373	0.129822	0.393679
212	31019ee33e11a0bee39aa23f6d	100	0.769237	0.126006	0.431362
212	175629e88a5079602e491200e8	100	0.507191	0.254539	0.189583
212	181cb9497ce96e466633f3a283	100	0.776381	0.129730	0.490117
212	09427545cb2159edf9be756deb	100	0.748966	0.136177	0.444854
212	031209dc41b43a5d23b9f09e97	100	0.767440	0.137549	0.495146
212	1c206ba548d4a7655a31bca179	100	0.788492	0.123711	0.484229
212	03e0558c45515e84967d8030d2	100	0.729885	0.123921	0.355346
212	1170879d79040b3dcdbab510bb	100	0.784368	0.127797	0.495971
212	1c06066f1ab687b775e4aeda3a	100	0.781381	0.127966	0.480971
212	3b437a0840148c34efec9ec72f	100	0.763894	0.136292	0.438087
212	2e6d9d7b7112ce2b55429600af	100	0.786308	0.125850	0.469458
212	364b6f50cccfd0402444c0f264	100	0.721052	0.151727	0.390758
212	2de282f77bcf905026c8ec41e7	100	0.696012	0.183933	0.472729
212	214943d48e1b2e75619e51b1b3	100	0.774461	0.128025	0.472863
212	3378728f50466fb17b9366a5cb	100	0.781448	0.128970	0.466071
212	19f278ae863eb4cd7b4a73bae6	100	0.771377	0.124217	0.428196
212	03767ed5791946eb5c5b8f0470	100	0.778088	0.131345	0.462404
212	07849d2b86b898a1bc72563ce9	100	0.796762	0.120216	0.492175
212	1e3282b714a0ff3814f00b82d8	100	0.782471	0.125391	0.420550
212	254bbd747e1e1ec65c6340ccf7	100	0.766267	0.129358	0.497917
212	184cae6356483153fe8b4c04ff	100	0.746811	0.144989	0.468354
212	2354484ace93a7d3673989cd70	100	0.778272	0.127539	0.491992
212	29cf42d95f8611948d3c8cb5cc	100	0.777579	0.125613	0.485883
212	2ee91d957a657123a3f458b29e	100	0.791935	0.120869	0.480279
212	1b54d46465b67011af334502cf	100	0.753658	0.140476	0.463554
212	3d74494d990b96d907e6cc15d7	100	0.783275	0.131491	0.493925
212	08c5f94f65613410823c59bfee	100	0.775440	0.131984	0.444612
212	13171a57722c05c67026941feb	100	0.728377	0.142462	0.493525
212	377ce42a5d3dc248297ac08da5	100	0.785656	0.124655	0.481275
212	1f1635984287f14aeee1e0c5f4	100	0.780269	0.127050	0.496246
212	31c0e8e94613e3bf4ab0302045	100	0.746291	0.135865	0.371542
212	07f60b1301762138251a1c584d	100	0.750710	0.133860	0.429138
212	20fbae688f316c4c1b4847bfda	100	0.796647	0.122195	0.455696
212	1174254101485629acf4633c27	100	0.739239	0.150624	0.426700
212	29b237ab9349e22fad72937344	100	0.553237	0.134615	0.359587
212	0351c96207e30e606d0069d78f	100	0.756869	0.147081	0.499817
212	2a68646c7c0d3e76ba0226f8ed	100	0.792095	0.121955	0.486383
212	356c01051e324627ba9adf3917	100	0.770992	0.133352	0.491804
212	3cb99ca2881f80b37043e8e6a9	100	0.782743	0.125343	0.496617
212	0450cdd9b97598c4f5b3be9077	100	0.760636	0.144175	0.462629
212	04a942d1c0070c286cb3e46d45	100	0.787403	0.119479	0.455713
212	18bfbe9a4132fbe8a3e043d00d	100	0.780220	0.128665	0.459904
212	1a30aab99e0b2206f690c230c4	100	0.710054	0.153982	0.341721
212	123af2d6c844b1019f1d47f26a	100	0.792948	0.119711	0.478446
212	006bcdc266066726e40cfd41cb	100	0.791732	0.122706	0.494183
212	2e13ecf7337be1ab85a00769e6	100	0.086706	0.000044	0.215608
212	217be7c741c7efdce114a2b108	100	0.766388	0.139566	0.475246
212	08b7ff27dabc5c89ee36f64369	100	0.662768	0.184060	0.328363
212	2bf74ea04352e6ef2e31362ccd	100	0.798066	0.123250	0.486308
212	3f64a62d079546d36352c0ccc0	100	0.035754	0.000284	0.011942
212	1ac30f83e4606cc7052a82d633	100	0.765045	0.135149	0.438642
212	1651ab63da4f3507f60d34bc09	100	0.783779	0.123310	0.495558
212	0db362c1849888badff3fdbea7	100	0.727202	0.142050	0.386783
212	3e11952ad06dce1c559c6cad83	100	0.775045	0.126411	0.491021
212	1a3b80e6fc21820e76c0bb0d03	100	0.741680	0.133875	0.434092
212	3440fc01a4b55f14b7ad11e3a2	100	0.789507	0.124277	0.495750
212	28f18f3f9c8ab222422166bc70	100	0.756393	0.148851	0.456754
212	3ca5abb6fa3d0667699753f458	100	0.771306	0.136777	0.435158
212	20daf300cd63c15a286db38724	100	0.785557	0.124835	0.465008
212	2a38f215a9ab23c720fac3dac3	100	0.785368	0.122791	0.499050
212	3791a06bb44b746c5f6439b451	100	0.755420	0.143217	0.463342
212	219472484d3d9c50ccef9c28c9	100	0.776576	0.130977	0.485733
212	17ab21cf0e1068b62617c32213	100	0.719653	0.139328	0.382921
212	12c187b1ea25bf417582df04b3	100	0.790506	0.121582	0.487358
212	2fc1363b1fe4ae90f9dcfad80d	100	0.758308	0.130619	0.409004
212	2729dce1fc24f85f2d141023fe	100	0.782068	0.130594	0.484825
212	02759ae52812b1cf6f65efa578	100	0.787313	0.124326	0.477283
212	360f4a055c8092d76ea4286124	100	0.732866	0.142039	0.375367
212	3d0ce9e271d3de867a876aa98f	100	0.791432	0.122451	0.439958
212	20217d00f9328c5341ab3cc16d	100	0.760671	0.136512	0.495704
212	367f2082b12e952db154e9fd66	100	0.790143	0.123620	0.480142
212	2a4f4b3214cb0cbbdaf45e50eb	100	0.512261	0.127498	0.295750
212	15cb21b8bc555cf13e13372c61	100	0.786602	0.125608	0.472129
212	2fa699c29c559755c7a5a66fc6	100	0.751154	0.154547	0.406871
212	2d6678f3cd3772747150ca277a	100	0.786951	0.126897	0.480625
212	1f691386431db05e1004593b3e	100	0.754942	0.138386	0.460079
212	3e69ba8940ffb07ca2f28f3b89	100	0.790318	0.120672	0.449946
212	129afab13beca898283b999422	100	0.758220	0.137537	0.474021
212	3f1cce9817f8f1921aff6b98af	100	0.777371	0.121410	0.409533
212	36656297c81ea01e09dc837903	100	0.732837	0.148196	0.390817
212	0389c1bc0f8c154de63dd275a8	100	0.766865	0.136563	0.471904
212	0817939092fcc0d92335af2c3b	100	0.770974	0.135498	0.477242
212	341ece0b8a0f06f015e602c210	22	0.018625	0.001630	0.014212
212	203d02166ecf38b88152620277	100	0.765375	0.133174	0.424133
212	00c20322d9252abe544239b047	100	0.697145	0.166255	0.447646
212	214412bebb0a861371d9f145fe	100	0.735403	0.148135	0.478983
212	21c006d91695c7d2cfa613eea3	100	0.801674	0.118155	0.479025
212	0651f0e3851d6a4e068ce1445e	100	0.798562	0.119679	0.487879
212	3329e7fdd0ee0a67b052973bfa	100	0.757732	0.142750	0.481321
212	2e81fd92dcabad2874fbd47192	100	0.761011	0.131709	0.445571
212	0c29f6ce4703ca878feaed6bdc	100	0.746943	0.141924	0.412563
212	2ab1e878b42211449a3e68ed87	100	0.791797	0.120362	0.495163
212	299477de00307bd56c8663bb3c	100	0.793877	0.122536	0.495542
212	20e2fa6cebab8d2618d1a596ad	100	0.799720	0.116838	0.498217
212	0a4d96a9c5ad024db813c0e1f7	100	0.786020	0.126056	0.485979
212	3c9157c1f2281bf96af2cb63b8	100	0.733835	0.145910	0.475408
212	2ba7cad448d084dd5efb85c67f	100	0.768527	0.141530	0.440017
212	1f4231d3bf4c0c8992f4343110	82	0.019728	0.005664	0.017096
212	19126dd657cdad900375d4cbb7	100	0.795878	0.117993	0.441442
212	2137bb241d4fb1209628328331	100	0.776227	0.127789	0.393233
212	0c6d3965d7c7c3acab9affb0fe	100	0.728578	0.139071	0.401933
212	06564d19357a82a0b873b2f544	100	0.772191	0.137324	0.469963
212	04dd7f460223e3ca24397fc2f7	100	0.779931	0.129160	0.498858
212	2a58f58d76498115cca7304ecf	100	0.779942	0.129499	0.480329
212	338fad58ca8f8b5a41e934476f	100	0.741951	0.140957	0.481842
212	003fea2bda082f61fc2120aa83	100	0.780141	0.115620	0.389633
212	32f8cc68f3f4ea2d75e3ead777	100	0.749625	0.137490	0.422421
212	22c166fea3c999627e38a8d41a	100	0.780613	0.125398	0.498529
212	303b46a5a1a1cbf006732c8381	100	0.715321	0.153508	0.374892
212	3cd29e94cfbdddb40ec5837343	100	0.670250	0.196827	0.412379
212	272bba2d5eb944926b6bcd5c52	100	0.783597	0.128472	0.476867
212	0657e06df3cd5f6c8c2d02e9d3	100	0.789659	0.120613	0.495287
212	00fe2e8f3657de27979bf2251c	100	0.767873	0.124532	0.416300
212	2be08a79b7774c155b113a8b18	100	0.780966	0.124882	0.467275
212	11b6aacfc897fd5893cfeb81d4	100	0.761306	0.126005	0.413929
212	39eebe578a88cb6880a64c5a10	26	0.018620	0.003683	0.040279
212	3d99cfd7fd4ae50c56e2ab11f1	100	0.660527	0.202565	0.389658
212	26b5f97475d8a1a0390ac976ad	100	0.802442	0.118989	0.494850
212	34fec186e3efe2ac5a76ccd5df	100	0.706623	0.174484	0.411850
212	242e86dd8c6480a92549b78c73	100	0.721893	0.153353	0.437529
212	2ea83922b6de79ab85d84fced4	100	0.787468	0.115761	0.417800
212	369109626d2f69adcefed04238	100	0.781404	0.123801	0.464938
212	1dc947260a708c5453f203f92d	100	0.781254	0.122819	0.481371
212	12fe9a390ea880bab427fdce1a	100	0.768205	0.128907	0.469979
212	0f07edaa474db54ee0490e57fb	100	0.729495	0.143684	0.478200
212	1f965ecc03f2e32d616fa32464	100	0.750169	0.135295	0.426000
212	07b5794946e92b9457fdec638e	100	0.759598	0.139949	0.447037
212	0a9f2ebdf2fb7b3360dd41405c	100	0.761471	0.128473	0.477487
212	1786f58eedd52c7aa7e1377bda	100	0.735364	0.127174	0.380304
212	0a6625e36778bf71a2e94e7ae9	100	0.782954	0.122602	0.434558
212	153cac4052e68ddfb1d66a5308	100	0.754001	0.151824	0.435058
212	13b229713d1d65e5e6cd269231	100	0.779905	0.124554	0.498008
212	1dbf7a460f3415f62c24159719	100	0.796761	0.118307	0.444487
212	383627b43556494f88c62c1c00	21	0.000000	0.000000	0.026733
212	00d7b497862621f2d7a6da002c	100	0.747344	0.141413	0.454750
212	05db5dbe09022ca7ba850e1d60	100	0.558465	0.144196	0.269721
212	13bdd151bb87f8ef1d9ff814ef	100	0.737196	0.150900	0.410371
212	0b460402ce8634d075359614cd	100	0.782357	0.120230	0.429054
212	253fba31997a4da4c552ba6f61	100	0.794403	0.118935	0.468142
212	3d21b2215d0f49170fd0efccb4	100	0.767099	0.133112	0.478812
212	076cfabe998a2d244eaf874f3d	100	0.765379	0.129076	0.415725
212	2d4c857262e7a762b310e9d9bc	100	0.803850	0.116408	0.478042
212	363abfdb903e2f84a5827cdded	100	0.762101	0.127325	0.417758
212	26b12806ec781e2e4ee1dfa1fd	100	0.759154	0.141034	0.446554
212	32a7b14239409f12e43aa1a1da	100	0.769149	0.127735	0.481217
212	2fd6964e70a3403883ad113570	39	0.018471	0.005715	0.012358
212	3bae89d1750d3cacb551c1fc27	100	0.777661	0.135034	0.486071
212	3e80b647542c1d48bbeb6cad95	100	0.784623	0.126903	0.462929
212	084d89be0f83e09342c21caa63	100	0.781760	0.126453	0.452471
212	178367d88a29518b0290b939b2	100	0.723637	0.150927	0.388125
212	12f139eb66227477092f153008	100	0.680217	0.205634	0.340183
212	3b902cf5d3ff36b90c0673de35	100	0.752696	0.124004	0.449100
212	3337c366c828d1fe49dbffb577	100	0.759730	0.134164	0.429471
212	1c2c2ce9fc5e13591d29396261	100	0.763355	0.147653	0.422479
212	3c0b4895efc444c2192e6a822a	100	0.752112	0.131554	0.411583
212	062d5c7915d20908a0f2d47e15	100	0.765791	0.135321	0.457958
212	38af16be2ae1268648cc2dbf78	100	0.253011	0.061923	0.162317
212	126ce9c845f7b323567987f004	100	0.737903	0.165971	0.431408
212	332f7b37c7c5f72650b998c2e4	100	0.769238	0.127740	0.457171
212	13afdd5addc59c3757adc72c62	100	0.748321	0.128405	0.420529
212	19c651c565cbec157da7f58913	100	0.773366	0.126942	0.464912
212	159b8529f71bd2541aa1b04a40	25	0.016430	0.002397	0.012113
212	33a65b9a03fbfadd0ec1824eb4	100	0.796974	0.123089	0.497038
212	144a5573165cb779793c97b98a	100	0.771644	0.126667	0.466958
212	06c1891bf52bfff860f8d6b272	100	0.751467	0.134236	0.437392
212	29f6cb7993487b76295ec3dc62	100	0.764001	0.140965	0.462938
212	291e2efb19940364a9ce94dfbb	100	0.741039	0.158182	0.410937
212	34b7d966bd2bd5e51e45cb0bd7	100	0.722671	0.165410	0.414208
212	24268b7b3c57e5937a3f158de6	100	0.739753	0.143858	0.430963
212	3a843fcf674585030a61aae2bf	100	0.737982	0.143812	0.448050
212	16fc1cea60aabf2d23637e5663	100	0.784957	0.128939	0.496354
212	065783576d10641dda92aae905	100	0.750546	0.139927	0.495154
212	1fc1cf671898e7db92f7404430	100	0.220964	0.054646	0.118896
212	3892ea38fdea7b93e83f379638	100	0.737222	0.158994	0.405517
212	14a515a74c15b5287bd9b2d65d	100	0.779205	0.127699	0.465454
212	349d4a29b20ae74a65b5fdb354	100	0.776748	0.129896	0.482917
212	33462a645d2a0ee6b326b92842	100	0.765204	0.132365	0.410692
212	089c3defd0993a35d34fff6f74	100	0.742925	0.128440	0.396425
212	1f85edcbf62433c058a09aaaaa	100	0.730094	0.141691	0.443263
212	2ece4a8aa5dc1713a157fd5a1c	100	0.545333	0.178987	0.346642
212	05ad1e2dbeea53226cc142022e	100	0.773769	0.121915	0.411821
212	0ddd6794e79fc45da3cfb3bb7d	100	0.730876	0.138731	0.404092
212	0bad8d5e4e1a098265dbced5ad	100	0.780315	0.120000	0.464158
212	21d02f03dc05ea3f056b205f10	100	0.707330	0.151818	0.391750
212	04e776fd9e778d2a1c5306e8ea	100	0.801700	0.115838	0.499504
212	259f351ec1c4835ea82a0c821f	100	0.745141	0.138406	0.455813
212	14fc9a7355a7008fa1888b04cc	100	0.755447	0.131748	0.392883
212	29ff7d1663cc781238baf59054	100	0.732465	0.155603	0.491546
212	2d133780834a5683e93246855d	100	0.738330	0.135058	0.460804
212	368b00edbf338268a2f235fe4a	100	0.772057	0.126846	0.453462
212	2b9836fb7ea7d228e7f7221adc	100	0.777246	0.124252	0.434721
212	15192f4bac2dc680bbdb82c164	100	0.742056	0.142192	0.462600
212	25b6acd51cd947ac48182c9847	100	0.770905	0.129132	0.428383
212	3c0610fa7107ea86b3da59f7af	100	0.755771	0.146273	0.428521
212	0c418017c0413cc1d94aa4dd0f	100	0.748418	0.136830	0.496296
212	3cea579e9e701df7ee468a00a3	42	0.018767	0.006161	0.077179
212	3e1a5ad7856330bf1a7c27ff28	82	0.019297	0.004083	0.018950
212	1233e2aa8cfe13d57d51d26d46	100	0.788845	0.123567	0.492354
212	14aaee8404955572b1851a8a56	100	0.786048	0.122755	0.437308
212	308ff3dfb5497f9b45416edded	100	0.707338	0.167265	0.394550
212	3487ac35705992eba40240f96d	100	0.770136	0.128189	0.471954
212	2b17ebd6b5b90abcdd4cc20850	32	0.019695	0.004334	0.046408
