192	3d4403a2e9f179119ab1d510b0	82	0.019786	0.012921	0.021314
192	2bfcf170f18f47108305a86a90	100	0.029889	0.020368	0.027662
192	009ef96711dfbee0513a90a090	100	0.020036	0.010922	0.010936
192	2410f90c3c1ad303184fcf7bf5	100	0.475855	0.117587	0.154517
192	0822c9dff9148d209ab200cae0	100	0.029190	0.006937	0.016696
192	0715dde195e109487316f371df	100	0.051283	0.009946	0.017121
192	0781dacd5bd3d20501ce483466	100	0.271135	0.149895	0.177776
192	184af6a375706e604132428008	100	0.214989	0.135832	0.151412
192	3515080e9f1f901ded2c222408	100	0.373842	0.207932	0.208751
192	31445202992e8424e138e10428	100	0.536556	0.182598	0.194166
192	1125390c5add882663707cbf2f	100	0.033501	0.006239	0.008480
192	2f52d5ea152c8c90c2268d8660	100	0.076977	0.032449	0.048632
192	1733981849c04af6ae996424e0	21	0.019450	0.003008	0.199681
192	305cb6ddda2c4e21184b802670	100	0.022683	0.000908	0.001404
192	3a96bf992f7527f42eb3dab5ef	100	0.155566	0.123409	0.132388
192	1ff2bc7cc13d268fd438c5d6f4	100	0.486205	0.174378	0.191890
192	1cefed47ef30e2abc2fab59c8f	100	0.574176	0.179588	0.181333
192	2f6ad89296f7e1e79ee4eff181	100	0.074324	0.041227	0.067439
192	0c83820e0060061941946a68f0	100	0.305161	0.173908	0.186573
192	06273cd54233f548a66e4bc060	100	0.094886	0.033282	0.049777
192	1384bbf3f0da584d09c2c88088	100	0.472823	0.287158	0.287816
192	022478c58a1fbb91f2022bf36f	100	0.076244	0.035147	0.050059
192	0045c6f8269fa82435cf56ecff	100	0.028517	0.007832	0.019446
192	37fa0df5c75f284a7216801b2b	100	0.164968	0.075587	0.100874
192	131a8d7c583c89551ccd48c1dc	100	0.085983	0.037395	0.063529
192	3bfefd222c3875a02d732e6fd0	52	0.019592	0.004868	0.062023
192	3b9629635edae6b69e815a5e02	47	0.019823	0.006553	0.057431
192	2c13b0a7d574623e8ffa9560e0	100	0.628195	0.206234	0.210526
192	1cde2410a7da1cdd2db0b6a937	100	0.743080	0.138841	0.142019
193	009ef96711dfbee0513a90a090	75	0.019989	0.012117	0.014897
193	3d4403a2e9f179119ab1d510b0	91	0.019869	0.013090	0.018245
193	0822c9dff9148d209ab200cae0	100	0.027063	0.005853	0.016281
193	2410f90c3c1ad303184fcf7bf5	100	0.462082	0.114272	0.147303
193	2bfcf170f18f47108305a86a90	100	0.032233	0.021010	0.029154
193	0715dde195e109487316f371df	100	0.058198	0.009542	0.017866
193	184af6a375706e604132428008	100	0.224617	0.136845	0.153659
193	0781dacd5bd3d20501ce483466	100	0.278657	0.149719	0.175518
193	1125390c5add882663707cbf2f	100	0.031344	0.005177	0.007245
193	3515080e9f1f901ded2c222408	100	0.373143	0.208749	0.216737
193	2f52d5ea152c8c90c2268d8660	100	0.074059	0.029358	0.046689
193	31445202992e8424e138e10428	100	0.537580	0.183701	0.188591
193	1733981849c04af6ae996424e0	22	0.016862	0.003377	0.142532
193	3a96bf992f7527f42eb3dab5ef	100	0.155529	0.126508	0.132078
193	305cb6ddda2c4e21184b802670	100	0.021759	0.001068	0.001285
193	1ff2bc7cc13d268fd438c5d6f4	100	0.498869	0.175729	0.195631
193	1cefed47ef30e2abc2fab59c8f	100	0.573725	0.178951	0.181666
193	0c83820e0060061941946a68f0	100	0.305637	0.172517	0.198695
193	2f6ad89296f7e1e79ee4eff181	100	0.068790	0.038785	0.057392
193	022478c58a1fbb91f2022bf36f	100	0.071383	0.035737	0.047970
193	06273cd54233f548a66e4bc060	100	0.095025	0.035827	0.045869
193	1384bbf3f0da584d09c2c88088	100	0.470637	0.284979	0.291137
193	131a8d7c583c89551ccd48c1dc	100	0.080197	0.034875	0.058526
193	0045c6f8269fa82435cf56ecff	100	0.026240	0.006992	0.019060
193	37fa0df5c75f284a7216801b2b	100	0.180876	0.078557	0.102190
193	3bfefd222c3875a02d732e6fd0	53	0.019935	0.004270	0.050572
193	3b9629635edae6b69e815a5e02	51	0.019310	0.004995	0.047811
193	2c13b0a7d574623e8ffa9560e0	100	0.626920	0.202457	0.209736
193	1cde2410a7da1cdd2db0b6a937	100	0.744422	0.139636	0.140980
194	009ef96711dfbee0513a90a090	80	0.019888	0.013740	0.016114
194	3d4403a2e9f179119ab1d510b0	84	0.019743	0.013445	0.020074
194	2bfcf170f18f47108305a86a90	100	0.033967	0.023997	0.033901
194	0822c9dff9148d209ab200cae0	100	0.026639	0.005157	0.016411
194	0715dde195e109487316f371df	100	0.058060	0.011264	0.017815
194	2410f90c3c1ad303184fcf7bf5	100	0.459690	0.112290	0.144757
194	184af6a375706e604132428008	100	0.220238	0.132741	0.156313
194	0781dacd5bd3d20501ce483466	100	0.276128	0.148510	0.175259
194	2f52d5ea152c8c90c2268d8660	100	0.073904	0.034469	0.049172
194	1125390c5add882663707cbf2f	100	0.032943	0.004970	0.008081
194	31445202992e8424e138e10428	100	0.531671	0.182577	0.194621
194	3515080e9f1f901ded2c222408	100	0.376412	0.209293	0.220113
194	1733981849c04af6ae996424e0	22	0.016646	0.003396	0.142773
194	3a96bf992f7527f42eb3dab5ef	100	0.160607	0.123477	0.127098
194	305cb6ddda2c4e21184b802670	100	0.021923	0.000636	0.000768
194	2f6ad89296f7e1e79ee4eff181	100	0.070393	0.036595	0.061905
194	1cefed47ef30e2abc2fab59c8f	100	0.574590	0.178332	0.183961
194	1ff2bc7cc13d268fd438c5d6f4	100	0.485378	0.174237	0.194641
194	0c83820e0060061941946a68f0	100	0.318188	0.180371	0.189924
194	022478c58a1fbb91f2022bf36f	100	0.066417	0.032295	0.048781
194	06273cd54233f548a66e4bc060	100	0.096378	0.032932	0.043097
194	37fa0df5c75f284a7216801b2b	100	0.171992	0.075172	0.103872
194	1384bbf3f0da584d09c2c88088	100	0.473626	0.286592	0.286846
194	0045c6f8269fa82435cf56ecff	100	0.026414	0.006378	0.019543
194	131a8d7c583c89551ccd48c1dc	100	0.083010	0.036921	0.059119
194	3bfefd222c3875a02d732e6fd0	52	0.019056	0.003751	0.053251
194	3b9629635edae6b69e815a5e02	50	0.017842	0.004955	0.059586
194	2c13b0a7d574623e8ffa9560e0	100	0.630216	0.206276	0.207743
194	1cde2410a7da1cdd2db0b6a937	100	0.744661	0.140560	0.140644
195	009ef96711dfbee0513a90a090	83	0.019963	0.012284	0.013374
195	3d4403a2e9f179119ab1d510b0	100	0.021746	0.012074	0.017428
195	2410f90c3c1ad303184fcf7bf5	100	0.452174	0.108321	0.146513
195	2bfcf170f18f47108305a86a90	100	0.029274	0.019583	0.028924
195	0822c9dff9148d209ab200cae0	100	0.024542	0.005186	0.013328
195	0715dde195e109487316f371df	100	0.057321	0.012238	0.020583
195	184af6a375706e604132428008	100	0.227051	0.140531	0.156294
195	0781dacd5bd3d20501ce483466	100	0.264523	0.148082	0.171343
195	1125390c5add882663707cbf2f	100	0.030759	0.004567	0.006838
195	31445202992e8424e138e10428	100	0.537136	0.178436	0.190495
195	3515080e9f1f901ded2c222408	100	0.372792	0.210880	0.212204
195	2f52d5ea152c8c90c2268d8660	100	0.077300	0.031594	0.052990
195	1733981849c04af6ae996424e0	22	0.017918	0.003622	0.134831
195	3a96bf992f7527f42eb3dab5ef	100	0.160442	0.125232	0.128113
195	305cb6ddda2c4e21184b802670	100	0.022979	0.000829	0.000835
195	1cefed47ef30e2abc2fab59c8f	100	0.573318	0.177434	0.182811
195	1ff2bc7cc13d268fd438c5d6f4	100	0.486271	0.173288	0.195938
195	2f6ad89296f7e1e79ee4eff181	100	0.068287	0.037247	0.055599
195	0c83820e0060061941946a68f0	100	0.311456	0.176783	0.192394
195	022478c58a1fbb91f2022bf36f	100	0.074215	0.037046	0.052123
195	06273cd54233f548a66e4bc060	100	0.092115	0.033880	0.044994
195	1384bbf3f0da584d09c2c88088	100	0.462299	0.274267	0.294712
195	0045c6f8269fa82435cf56ecff	100	0.023827	0.005421	0.015970
195	37fa0df5c75f284a7216801b2b	100	0.183881	0.084018	0.110288
195	131a8d7c583c89551ccd48c1dc	100	0.083285	0.036711	0.060368
195	3bfefd222c3875a02d732e6fd0	53	0.018096	0.004521	0.040634
195	3b9629635edae6b69e815a5e02	52	0.018429	0.004709	0.043764
195	2c13b0a7d574623e8ffa9560e0	100	0.622671	0.205666	0.207533
195	1cde2410a7da1cdd2db0b6a937	100	0.745298	0.139126	0.140704
196	3d4403a2e9f179119ab1d510b0	86	0.019257	0.013547	0.022244
196	2bfcf170f18f47108305a86a90	100	0.029212	0.020519	0.030632
196	0822c9dff9148d209ab200cae0	100	0.030295	0.006982	0.020243
196	009ef96711dfbee0513a90a090	100	0.020091	0.011150	0.011181
196	2410f90c3c1ad303184fcf7bf5	100	0.457474	0.109986	0.150355
196	0715dde195e109487316f371df	100	0.065986	0.014334	0.022376
196	0781dacd5bd3d20501ce483466	100	0.284427	0.158710	0.185430
196	31445202992e8424e138e10428	100	0.540401	0.180808	0.190792
196	1125390c5add882663707cbf2f	100	0.030068	0.004723	0.007487
196	184af6a375706e604132428008	100	0.222068	0.136740	0.159580
196	3515080e9f1f901ded2c222408	100	0.368700	0.205852	0.218055
196	2f52d5ea152c8c90c2268d8660	100	0.068571	0.029247	0.047953
196	1733981849c04af6ae996424e0	22	0.016899	0.003476	0.145339
196	305cb6ddda2c4e21184b802670	100	0.021418	0.000856	0.001100
196	1cefed47ef30e2abc2fab59c8f	100	0.572534	0.180023	0.180960
196	3a96bf992f7527f42eb3dab5ef	100	0.164055	0.124533	0.129358
196	2f6ad89296f7e1e79ee4eff181	100	0.073176	0.041520	0.061791
196	1ff2bc7cc13d268fd438c5d6f4	100	0.493680	0.177152	0.197701
196	0c83820e0060061941946a68f0	100	0.309203	0.171847	0.191926
196	06273cd54233f548a66e4bc060	100	0.093461	0.031144	0.045215
196	1384bbf3f0da584d09c2c88088	100	0.471930	0.287428	0.288831
196	022478c58a1fbb91f2022bf36f	100	0.074059	0.035084	0.047806
196	37fa0df5c75f284a7216801b2b	100	0.173705	0.080495	0.111984
196	0045c6f8269fa82435cf56ecff	100	0.025814	0.007335	0.019195
196	131a8d7c583c89551ccd48c1dc	100	0.077149	0.034836	0.052945
196	3bfefd222c3875a02d732e6fd0	51	0.018596	0.003995	0.071212
196	3b9629635edae6b69e815a5e02	50	0.019360	0.006447	0.049443
196	2c13b0a7d574623e8ffa9560e0	100	0.631616	0.206648	0.209305
196	1cde2410a7da1cdd2db0b6a937	100	0.743554	0.140216	0.141758
197	009ef96711dfbee0513a90a090	74	0.019977	0.011402	0.013393
197	3d4403a2e9f179119ab1d510b0	90	0.019892	0.012572	0.018802
197	0822c9dff9148d209ab200cae0	100	0.026523	0.006293	0.014970
197	2bfcf170f18f47108305a86a90	100	0.032200	0.022484	0.030684
197	2410f90c3c1ad303184fcf7bf5	100	0.464857	0.113301	0.146118
197	0715dde195e109487316f371df	100	0.070108	0.014087	0.020617
197	184af6a375706e604132428008	100	0.224735	0.139931	0.149598
197	0781dacd5bd3d20501ce483466	100	0.289704	0.156688	0.188659
197	1125390c5add882663707cbf2f	100	0.033991	0.005336	0.008953
197	3515080e9f1f901ded2c222408	100	0.372453	0.203829	0.213433
197	31445202992e8424e138e10428	100	0.539854	0.188104	0.190071
197	2f52d5ea152c8c90c2268d8660	100	0.070900	0.028327	0.050041
197	1733981849c04af6ae996424e0	22	0.016153	0.002700	0.144246
197	3a96bf992f7527f42eb3dab5ef	100	0.159637	0.122752	0.132334
197	305cb6ddda2c4e21184b802670	100	0.023728	0.001047	0.001253
197	1ff2bc7cc13d268fd438c5d6f4	100	0.499335	0.178840	0.198988
197	2f6ad89296f7e1e79ee4eff181	100	0.072975	0.039339	0.061741
197	1cefed47ef30e2abc2fab59c8f	100	0.572069	0.179812	0.183619
197	0c83820e0060061941946a68f0	100	0.313385	0.176154	0.193443
197	022478c58a1fbb91f2022bf36f	100	0.069021	0.032427	0.047912
197	06273cd54233f548a66e4bc060	100	0.098683	0.036054	0.045245
197	37fa0df5c75f284a7216801b2b	100	0.175804	0.078075	0.108267
197	1384bbf3f0da584d09c2c88088	100	0.468424	0.285673	0.297075
197	131a8d7c583c89551ccd48c1dc	100	0.089973	0.040106	0.061272
197	0045c6f8269fa82435cf56ecff	100	0.028471	0.007351	0.016537
197	3bfefd222c3875a02d732e6fd0	52	0.018320	0.003725	0.050427
197	3b9629635edae6b69e815a5e02	50	0.019462	0.005073	0.056400
197	2c13b0a7d574623e8ffa9560e0	100	0.629616	0.204031	0.210245
197	1cde2410a7da1cdd2db0b6a937	100	0.744189	0.139565	0.140826
198	009ef96711dfbee0513a90a090	76	0.019935	0.012363	0.014508
198	3d4403a2e9f179119ab1d510b0	89	0.019593	0.012937	0.019919
198	0715dde195e109487316f371df	100	0.056395	0.010111	0.017606
198	2bfcf170f18f47108305a86a90	100	0.028324	0.018554	0.028061
198	2410f90c3c1ad303184fcf7bf5	100	0.456307	0.110225	0.146144
198	0822c9dff9148d209ab200cae0	100	0.025130	0.005458	0.014197
198	184af6a375706e604132428008	100	0.224217	0.138694	0.150965
198	0781dacd5bd3d20501ce483466	100	0.280287	0.146765	0.185196
198	1125390c5add882663707cbf2f	100	0.028574	0.004391	0.007049
198	2f52d5ea152c8c90c2268d8660	100	0.073585	0.030963	0.050944
198	31445202992e8424e138e10428	100	0.537603	0.179754	0.196811
198	3515080e9f1f901ded2c222408	100	0.369393	0.204309	0.211906
198	1733981849c04af6ae996424e0	21	0.019740	0.004364	0.188078
198	3a96bf992f7527f42eb3dab5ef	100	0.156372	0.123130	0.130853
198	305cb6ddda2c4e21184b802670	100	0.021305	0.000572	0.000846
198	2f6ad89296f7e1e79ee4eff181	100	0.076371	0.040953	0.061097
198	1cefed47ef30e2abc2fab59c8f	100	0.572897	0.180765	0.182217
198	1ff2bc7cc13d268fd438c5d6f4	100	0.495954	0.177217	0.195297
198	0c83820e0060061941946a68f0	100	0.311851	0.175240	0.196093
198	022478c58a1fbb91f2022bf36f	100	0.073332	0.035169	0.051055
198	06273cd54233f548a66e4bc060	100	0.093065	0.033108	0.042111
198	0045c6f8269fa82435cf56ecff	100	0.022825	0.004253	0.013455
198	37fa0df5c75f284a7216801b2b	100	0.168348	0.077404	0.110903
198	1384bbf3f0da584d09c2c88088	100	0.469516	0.285002	0.287258
198	131a8d7c583c89551ccd48c1dc	100	0.080174	0.034982	0.058499
198	3bfefd222c3875a02d732e6fd0	52	0.018090	0.004151	0.050485
198	3b9629635edae6b69e815a5e02	52	0.017886	0.005162	0.041275
198	2c13b0a7d574623e8ffa9560e0	100	0.628406	0.206282	0.207706
198	1cde2410a7da1cdd2db0b6a937	100	0.744121	0.139320	0.140545
199	3d4403a2e9f179119ab1d510b0	89	0.019440	0.012404	0.018454
199	2410f90c3c1ad303184fcf7bf5	100	0.464353	0.111282	0.145554
199	0822c9dff9148d209ab200cae0	100	0.023575	0.004757	0.012541
199	2bfcf170f18f47108305a86a90	100	0.032634	0.022404	0.030749
199	009ef96711dfbee0513a90a090	100	0.020688	0.012708	0.012717
199	0715dde195e109487316f371df	100	0.061231	0.011867	0.020809
199	0781dacd5bd3d20501ce483466	100	0.262680	0.143982	0.170611
199	1125390c5add882663707cbf2f	100	0.032956	0.004743	0.006680
199	3515080e9f1f901ded2c222408	100	0.369222	0.204093	0.217241
199	1733981849c04af6ae996424e0	22	0.016528	0.003459	0.135737
199	31445202992e8424e138e10428	100	0.536456	0.183442	0.192107
199	184af6a375706e604132428008	100	0.212324	0.135650	0.152309
199	2f52d5ea152c8c90c2268d8660	100	0.080193	0.032467	0.052131
199	305cb6ddda2c4e21184b802670	100	0.022391	0.000879	0.001343
199	1ff2bc7cc13d268fd438c5d6f4	100	0.487053	0.170586	0.193469
199	0c83820e0060061941946a68f0	100	0.311790	0.169163	0.200800
199	1cefed47ef30e2abc2fab59c8f	100	0.574494	0.180007	0.180527
199	3a96bf992f7527f42eb3dab5ef	100	0.156880	0.120426	0.120996
199	2f6ad89296f7e1e79ee4eff181	100	0.066765	0.035685	0.054537
199	06273cd54233f548a66e4bc060	100	0.095738	0.035594	0.045165
199	1384bbf3f0da584d09c2c88088	100	0.471139	0.288228	0.288677
199	0045c6f8269fa82435cf56ecff	100	0.026415	0.007968	0.018366
199	3bfefd222c3875a02d732e6fd0	53	0.018533	0.003884	0.050497
199	131a8d7c583c89551ccd48c1dc	100	0.084369	0.038001	0.060685
199	022478c58a1fbb91f2022bf36f	100	0.074232	0.036899	0.047620
199	37fa0df5c75f284a7216801b2b	100	0.169889	0.079031	0.099014
199	3b9629635edae6b69e815a5e02	51	0.018681	0.005996	0.044106
199	2c13b0a7d574623e8ffa9560e0	100	0.630393	0.205324	0.208201
199	1cde2410a7da1cdd2db0b6a937	100	0.744622	0.140459	0.140946
200	009ef96711dfbee0513a90a090	71	0.019835	0.011362	0.016561
200	3d4403a2e9f179119ab1d510b0	85	0.019564	0.012817	0.018990
200	0822c9dff9148d209ab200cae0	100	0.030666	0.007017	0.017388
200	0715dde195e109487316f371df	100	0.064012	0.011908	0.019931
200	2410f90c3c1ad303184fcf7bf5	100	0.460584	0.113413	0.147264
200	2bfcf170f18f47108305a86a90	100	0.027114	0.018968	0.027098
200	184af6a375706e604132428008	100	0.222899	0.133475	0.156484
200	0781dacd5bd3d20501ce483466	100	0.289973	0.159040	0.191276
200	2f52d5ea152c8c90c2268d8660	100	0.068487	0.028403	0.044974
200	3515080e9f1f901ded2c222408	100	0.372527	0.205983	0.211734
200	1125390c5add882663707cbf2f	100	0.030562	0.004775	0.007066
200	1733981849c04af6ae996424e0	22	0.016552	0.003284	0.142795
200	31445202992e8424e138e10428	100	0.534364	0.181958	0.191223
200	3a96bf992f7527f42eb3dab5ef	100	0.165939	0.130804	0.139142
200	305cb6ddda2c4e21184b802670	100	0.023292	0.001022	0.001100
200	2f6ad89296f7e1e79ee4eff181	100	0.067172	0.037340	0.059746
200	1ff2bc7cc13d268fd438c5d6f4	100	0.493308	0.175085	0.190153
200	0c83820e0060061941946a68f0	100	0.318128	0.177000	0.198478
200	1cefed47ef30e2abc2fab59c8f	100	0.572807	0.177481	0.182515
200	022478c58a1fbb91f2022bf36f	100	0.074356	0.036305	0.049771
200	06273cd54233f548a66e4bc060	100	0.098531	0.036439	0.048210
200	1384bbf3f0da584d09c2c88088	100	0.471079	0.286269	0.288600
200	37fa0df5c75f284a7216801b2b	100	0.175625	0.075039	0.108913
200	0045c6f8269fa82435cf56ecff	100	0.027934	0.007045	0.017437
200	131a8d7c583c89551ccd48c1dc	100	0.078903	0.034833	0.060773
200	3bfefd222c3875a02d732e6fd0	53	0.019168	0.004088	0.048883
200	3b9629635edae6b69e815a5e02	50	0.017316	0.004612	0.054412
200	2c13b0a7d574623e8ffa9560e0	100	0.626504	0.202891	0.213607
200	1cde2410a7da1cdd2db0b6a937	100	0.744938	0.139314	0.141812
201	3d4403a2e9f179119ab1d510b0	82	0.019709	0.013405	0.021126
201	0822c9dff9148d209ab200cae0	100	0.030708	0.006364	0.019017
201	009ef96711dfbee0513a90a090	100	0.020512	0.012492	0.012769
201	2410f90c3c1ad303184fcf7bf5	100	0.459733	0.109787	0.146786
201	2bfcf170f18f47108305a86a90	100	0.032307	0.023596	0.029583
201	0715dde195e109487316f371df	100	0.061486	0.011424	0.019097
201	0781dacd5bd3d20501ce483466	100	0.284655	0.155504	0.178611
201	184af6a375706e604132428008	100	0.204905	0.125084	0.152553
201	3515080e9f1f901ded2c222408	100	0.375890	0.207400	0.218558
201	1125390c5add882663707cbf2f	100	0.033375	0.005505	0.008264
201	2f52d5ea152c8c90c2268d8660	100	0.076119	0.031975	0.050880
201	31445202992e8424e138e10428	100	0.536077	0.185993	0.191468
201	1733981849c04af6ae996424e0	22	0.016376	0.002938	0.139846
201	305cb6ddda2c4e21184b802670	100	0.022692	0.001155	0.001373
201	1ff2bc7cc13d268fd438c5d6f4	100	0.489547	0.172280	0.191984
201	3a96bf992f7527f42eb3dab5ef	100	0.154071	0.117207	0.128100
201	1cefed47ef30e2abc2fab59c8f	100	0.571862	0.176356	0.184137
201	2f6ad89296f7e1e79ee4eff181	100	0.068258	0.039196	0.059784
201	0c83820e0060061941946a68f0	100	0.317417	0.174783	0.200379
201	06273cd54233f548a66e4bc060	100	0.093269	0.032998	0.044455
201	022478c58a1fbb91f2022bf36f	100	0.063639	0.029721	0.048397
201	1384bbf3f0da584d09c2c88088	100	0.459834	0.279593	0.297465
201	0045c6f8269fa82435cf56ecff	100	0.024734	0.005417	0.015104
201	37fa0df5c75f284a7216801b2b	100	0.187626	0.083070	0.109190
201	131a8d7c583c89551ccd48c1dc	100	0.081719	0.037422	0.058045
201	3bfefd222c3875a02d732e6fd0	53	0.017918	0.004831	0.045171
201	3b9629635edae6b69e815a5e02	50	0.017735	0.004405	0.053966
201	2c13b0a7d574623e8ffa9560e0	100	0.621988	0.204429	0.207701
201	1cde2410a7da1cdd2db0b6a937	100	0.744605	0.139690	0.140536
202	3d4403a2e9f179119ab1d510b0	82	0.019882	0.013028	0.022747
202	2bfcf170f18f47108305a86a90	100	0.032795	0.023737	0.036801
202	009ef96711dfbee0513a90a090	100	0.020558	0.012263	0.012368
202	0822c9dff9148d209ab200cae0	100	0.028938	0.007306	0.018438
202	0715dde195e109487316f371df	100	0.057522	0.011853	0.019036
202	2410f90c3c1ad303184fcf7bf5	100	0.462813	0.112943	0.147822
202	0781dacd5bd3d20501ce483466	100	0.285603	0.149092	0.191360
202	184af6a375706e604132428008	100	0.224409	0.138837	0.149401
202	31445202992e8424e138e10428	100	0.534869	0.181023	0.188179
202	3515080e9f1f901ded2c222408	100	0.365488	0.207284	0.212869
202	2f52d5ea152c8c90c2268d8660	100	0.073484	0.028500	0.047832
202	1125390c5add882663707cbf2f	100	0.031126	0.004734	0.007892
