0.019831	0.011125	70	009ef96711dfbee0513a90a090	162
0.019815	0.012459	83	3d4403a2e9f179119ab1d510b0	162
0.034871	0.024074	100	2bfcf170f18f47108305a86a90	162
0.027689	0.005650	100	0822c9dff9148d209ab200cae0	162
0.061349	0.011790	100	0715dde195e109487316f371df	162
0.463801	0.112475	100	2410f90c3c1ad303184fcf7bf5	162
0.222315	0.136713	100	184af6a375706e604132428008	162
0.286397	0.149637	100	0781dacd5bd3d20501ce483466	162
0.532625	0.183398	100	31445202992e8424e138e10428	162
0.371585	0.202059	100	3515080e9f1f901ded2c222408	162
0.072351	0.031509	100	2f52d5ea152c8c90c2268d8660	162
0.030194	0.004518	100	1125390c5add882663707cbf2f	162
0.017826	0.002975	22	1733981849c04af6ae996424e0	162
0.159673	0.124246	100	3a96bf992f7527f42eb3dab5ef	162
0.574242	0.178145	100	1cefed47ef30e2abc2fab59c8f	162
0.067374	0.038624	100	2f6ad89296f7e1e79ee4eff181	162
0.493573	0.173452	100	1ff2bc7cc13d268fd438c5d6f4	162
0.025092	0.001006	100	305cb6ddda2c4e21184b802670	162
0.308569	0.176284	100	0c83820e0060061941946a68f0	162
0.075248	0.036746	100	022478c58a1fbb91f2022bf36f	162
0.468471	0.286969	100	1384bbf3f0da584d09c2c88088	162
0.185261	0.080155	100	37fa0df5c75f284a7216801b2b	162
0.025807	0.006816	100	0045c6f8269fa82435cf56ecff	162
0.096999	0.035932	100	06273cd54233f548a66e4bc060	162
0.018207	0.003944	51	3bfefd222c3875a02d732e6fd0	162
0.081081	0.036004	100	131a8d7c583c89551ccd48c1dc	162
0.018873	0.005312	51	3b9629635edae6b69e815a5e02	162
0.744976	0.139579	100	1cde2410a7da1cdd2db0b6a937	162
0.625964	0.205927	100	2c13b0a7d574623e8ffa9560e0	162
0.019998	0.013194	86	009ef96711dfbee0513a90a090	163
0.019520	0.011954	91	3d4403a2e9f179119ab1d510b0	163
0.028156	0.006007	100	0822c9dff9148d209ab200cae0	163
0.467464	0.114467	100	2410f90c3c1ad303184fcf7bf5	163
0.031131	0.021352	100	2bfcf170f18f47108305a86a90	163
0.057620	0.011649	100	0715dde195e109487316f371df	163
0.227357	0.138821	100	184af6a375706e604132428008	163
0.032611	0.005592	100	1125390c5add882663707cbf2f	163
0.371325	0.204075	100	3515080e9f1f901ded2c222408	163
0.288535	0.158264	100	0781dacd5bd3d20501ce483466	163
0.072067	0.028654	100	2f52d5ea152c8c90c2268d8660	163
0.535847	0.182230	100	31445202992e8424e138e10428	163
0.016705	0.004179	22	1733981849c04af6ae996424e0	163
0.158826	0.120254	100	3a96bf992f7527f42eb3dab5ef	163
0.496838	0.172221	100	1ff2bc7cc13d268fd438c5d6f4	163
0.023340	0.000848	100	305cb6ddda2c4e21184b802670	163
0.572644	0.180614	100	1cefed47ef30e2abc2fab59c8f	163
0.069925	0.038595	100	2f6ad89296f7e1e79ee4eff181	163
0.298275	0.168786	100	0c83820e0060061941946a68f0	163
0.073213	0.035841	100	022478c58a1fbb91f2022bf36f	163
0.468574	0.284360	100	1384bbf3f0da584d09c2c88088	163
0.029691	0.008472	100	0045c6f8269fa82435cf56ecff	163
0.096744	0.036830	100	06273cd54233f548a66e4bc060	163
0.176463	0.078246	100	37fa0df5c75f284a7216801b2b	163
0.087685	0.039308	100	131a8d7c583c89551ccd48c1dc	163
0.017842	0.003480	53	3bfefd222c3875a02d732e6fd0	163
0.018237	0.006164	51	3b9629635edae6b69e815a5e02	163
0.627670	0.206794	100	2c13b0a7d574623e8ffa9560e0	163
0.745197	0.139303	100	1cde2410a7da1cdd2db0b6a937	163
0.019521	0.012131	97	3d4403a2e9f179119ab1d510b0	164
0.031285	0.021680	100	2bfcf170f18f47108305a86a90	164
0.020365	0.012604	100	009ef96711dfbee0513a90a090	164
0.059886	0.012187	100	0715dde195e109487316f371df	164
0.453329	0.108062	100	2410f90c3c1ad303184fcf7bf5	164
0.024996	0.005170	100	0822c9dff9148d209ab200cae0	164
0.538644	0.183897	100	31445202992e8424e138e10428	164
0.076110	0.031082	100	2f52d5ea152c8c90c2268d8660	164
0.032578	0.004548	100	1125390c5add882663707cbf2f	164
0.220865	0.136574	100	184af6a375706e604132428008	164
0.272062	0.148171	100	0781dacd5bd3d20501ce483466	164
0.376846	0.206432	100	3515080e9f1f901ded2c222408	164
0.016114	0.003331	22	1733981849c04af6ae996424e0	164
0.079469	0.043919	100	2f6ad89296f7e1e79ee4eff181	164
0.573625	0.180297	100	1cefed47ef30e2abc2fab59c8f	164
0.154668	0.119115	100	3a96bf992f7527f42eb3dab5ef	164
0.022955	0.001122	100	305cb6ddda2c4e21184b802670	164
0.482802	0.173605	100	1ff2bc7cc13d268fd438c5d6f4	164
0.319133	0.180329	100	0c83820e0060061941946a68f0	164
0.179228	0.080065	100	37fa0df5c75f284a7216801b2b	164
0.072446	0.035861	100	022478c58a1fbb91f2022bf36f	164
0.462752	0.286382	100	1384bbf3f0da584d09c2c88088	164
0.028387	0.007648	100	0045c6f8269fa82435cf56ecff	164
0.093707	0.032605	100	06273cd54233f548a66e4bc060	164
0.083949	0.038239	100	131a8d7c583c89551ccd48c1dc	164
0.019202	0.003912	52	3bfefd222c3875a02d732e6fd0	164
0.018915	0.006294	51	3b9629635edae6b69e815a5e02	164
0.627247	0.206854	100	2c13b0a7d574623e8ffa9560e0	164
0.742787	0.139209	100	1cde2410a7da1cdd2db0b6a937	164
0.019829	0.012029	85	3d4403a2e9f179119ab1d510b0	165
0.020371	0.012955	100	009ef96711dfbee0513a90a090	165
0.029321	0.020173	100	2bfcf170f18f47108305a86a90	165
0.057599	0.011853	100	0715dde195e109487316f371df	165
0.027837	0.006312	100	0822c9dff9148d209ab200cae0	165
0.468184	0.110562	100	2410f90c3c1ad303184fcf7bf5	165
0.228006	0.143554	100	184af6a375706e604132428008	165
0.280349	0.151967	100	0781dacd5bd3d20501ce483466	165
0.073362	0.030116	100	2f52d5ea152c8c90c2268d8660	165
0.030785	0.004905	100	1125390c5add882663707cbf2f	165
0.372311	0.207193	100	3515080e9f1f901ded2c222408	165
0.539862	0.182271	100	31445202992e8424e138e10428	165
0.019182	0.004224	22	1733981849c04af6ae996424e0	165
0.164660	0.126489	100	3a96bf992f7527f42eb3dab5ef	165
0.022139	0.000765	100	305cb6ddda2c4e21184b802670	165
0.069138	0.037243	100	2f6ad89296f7e1e79ee4eff181	165
0.491472	0.171187	100	1ff2bc7cc13d268fd438c5d6f4	165
0.574726	0.177884	100	1cefed47ef30e2abc2fab59c8f	165
0.305136	0.169484	100	0c83820e0060061941946a68f0	165
0.070529	0.033030	100	022478c58a1fbb91f2022bf36f	165
0.096486	0.035053	100	06273cd54233f548a66e4bc060	165
0.474689	0.283270	100	1384bbf3f0da584d09c2c88088	165
0.170877	0.076376	100	37fa0df5c75f284a7216801b2b	165
0.031643	0.009201	100	0045c6f8269fa82435cf56ecff	165
0.083532	0.036371	100	131a8d7c583c89551ccd48c1dc	165
0.019392	0.005365	49	3b9629635edae6b69e815a5e02	165
0.019365	0.004491	52	3bfefd222c3875a02d732e6fd0	165
0.743770	0.140829	100	1cde2410a7da1cdd2db0b6a937	165
0.621779	0.204573	100	2c13b0a7d574623e8ffa9560e0	165
0.019666	0.011410	83	3d4403a2e9f179119ab1d510b0	166
0.020315	0.012217	100	009ef96711dfbee0513a90a090	166
0.033888	0.022869	100	2bfcf170f18f47108305a86a90	166
0.055266	0.009505	100	0715dde195e109487316f371df	166
0.459921	0.111398	100	2410f90c3c1ad303184fcf7bf5	166
0.026689	0.006266	100	0822c9dff9148d209ab200cae0	166
0.275608	0.144540	100	0781dacd5bd3d20501ce483466	166
0.223361	0.135197	100	184af6a375706e604132428008	166
0.534497	0.180512	100	31445202992e8424e138e10428	166
0.031044	0.004441	100	1125390c5add882663707cbf2f	166
0.364587	0.204219	100	3515080e9f1f901ded2c222408	166
0.077807	0.032549	100	2f52d5ea152c8c90c2268d8660	166
0.019590	0.003813	21	1733981849c04af6ae996424e0	166
0.158653	0.122606	100	3a96bf992f7527f42eb3dab5ef	166
0.024301	0.000563	100	305cb6ddda2c4e21184b802670	166
0.570188	0.179627	100	1cefed47ef30e2abc2fab59c8f	166
0.068585	0.037310	100	2f6ad89296f7e1e79ee4eff181	166
0.492738	0.178765	100	1ff2bc7cc13d268fd438c5d6f4	166
0.323118	0.181260	100	0c83820e0060061941946a68f0	166
0.072497	0.034066	100	022478c58a1fbb91f2022bf36f	166
0.097292	0.036984	100	06273cd54233f548a66e4bc060	166
0.471776	0.285023	100	1384bbf3f0da584d09c2c88088	166
0.180158	0.081099	100	37fa0df5c75f284a7216801b2b	166
0.027681	0.007225	100	0045c6f8269fa82435cf56ecff	166
0.087785	0.040062	100	131a8d7c583c89551ccd48c1dc	166
0.017103	0.003812	51	3bfefd222c3875a02d732e6fd0	166
0.018406	0.004780	53	3b9629635edae6b69e815a5e02	166
0.628239	0.206660	100	2c13b0a7d574623e8ffa9560e0	166
0.744795	0.139567	100	1cde2410a7da1cdd2db0b6a937	166
0.019940	0.012807	77	009ef96711dfbee0513a90a090	167
0.019941	0.013502	86	3d4403a2e9f179119ab1d510b0	167
0.030911	0.021888	100	2bfcf170f18f47108305a86a90	167
0.454597	0.110222	100	2410f90c3c1ad303184fcf7bf5	167
0.029168	0.006197	100	0822c9dff9148d209ab200cae0	167
0.059727	0.013108	100	0715dde195e109487316f371df	167
0.220646	0.131029	100	184af6a375706e604132428008	167
0.284404	0.148667	100	0781dacd5bd3d20501ce483466	167
0.033668	0.005192	100	1125390c5add882663707cbf2f	167
0.075381	0.030456	100	2f52d5ea152c8c90c2268d8660	167
0.366300	0.202486	100	3515080e9f1f901ded2c222408	167
0.536259	0.182649	100	31445202992e8424e138e10428	167
0.019598	0.004339	21	1733981849c04af6ae996424e0	167
0.162043	0.126476	100	3a96bf992f7527f42eb3dab5ef	167
0.024171	0.001346	100	305cb6ddda2c4e21184b802670	167
0.072189	0.039027	100	2f6ad89296f7e1e79ee4eff181	167
0.495299	0.174430	100	1ff2bc7cc13d268fd438c5d6f4	167
0.573951	0.180335	100	1cefed47ef30e2abc2fab59c8f	167
0.309544	0.175080	100	0c83820e0060061941946a68f0	167
0.077645	0.036446	100	022478c58a1fbb91f2022bf36f	167
0.091980	0.029588	100	06273cd54233f548a66e4bc060	167
0.023309	0.005832	100	0045c6f8269fa82435cf56ecff	167
0.469441	0.284307	100	1384bbf3f0da584d09c2c88088	167
0.165291	0.074188	100	37fa0df5c75f284a7216801b2b	167
0.084695	0.038995	100	131a8d7c583c89551ccd48c1dc	167
0.019559	0.004560	50	3bfefd222c3875a02d732e6fd0	167
0.017867	0.004653	50	3b9629635edae6b69e815a5e02	167
0.744203	0.139836	100	1cde2410a7da1cdd2db0b6a937	167
0.626490	0.205901	100	2c13b0a7d574623e8ffa9560e0	167
0.019968	0.013893	86	3d4403a2e9f179119ab1d510b0	168
0.020184	0.011608	100	009ef96711dfbee0513a90a090	168
0.034840	0.023455	100	2bfcf170f18f47108305a86a90	168
0.452446	0.108467	100	2410f90c3c1ad303184fcf7bf5	168
0.060658	0.011383	100	0715dde195e109487316f371df	168
0.025360	0.004997	100	0822c9dff9148d209ab200cae0	168
0.032163	0.005092	100	1125390c5add882663707cbf2f	168
0.284950	0.151207	100	0781dacd5bd3d20501ce483466	168
0.232929	0.144266	100	184af6a375706e604132428008	168
0.075206	0.028920	100	2f52d5ea152c8c90c2268d8660	168
0.543572	0.188980	100	31445202992e8424e138e10428	168
0.373590	0.203599	100	3515080e9f1f901ded2c222408	168
0.016664	0.003061	22	1733981849c04af6ae996424e0	168
0.064618	0.034621	100	2f6ad89296f7e1e79ee4eff181	168
0.155886	0.122262	100	3a96bf992f7527f42eb3dab5ef	168
0.573741	0.177180	100	1cefed47ef30e2abc2fab59c8f	168
0.024311	0.001076	100	305cb6ddda2c4e21184b802670	168
0.498614	0.176285	100	1ff2bc7cc13d268fd438c5d6f4	168
0.323495	0.181956	100	0c83820e0060061941946a68f0	168
0.077653	0.036864	100	022478c58a1fbb91f2022bf36f	168
0.465445	0.284988	100	1384bbf3f0da584d09c2c88088	168
0.096627	0.036086	100	06273cd54233f548a66e4bc060	168
0.174949	0.078347	100	37fa0df5c75f284a7216801b2b	168
0.026489	0.006474	100	0045c6f8269fa82435cf56ecff	168
0.087005	0.038302	100	131a8d7c583c89551ccd48c1dc	168
0.018234	0.004706	52	3bfefd222c3875a02d732e6fd0	168
0.018680	0.006277	54	3b9629635edae6b69e815a5e02	168
0.623645	0.206347	100	2c13b0a7d574623e8ffa9560e0	168
0.744476	0.139501	100	1cde2410a7da1cdd2db0b6a937	168
0.019745	0.012908	89	3d4403a2e9f179119ab1d510b0	169
0.020103	0.012380	100	009ef96711dfbee0513a90a090	169
0.027783	0.005692	100	0822c9dff9148d209ab200cae0	169
0.031109	0.020490	100	2bfcf170f18f47108305a86a90	169
0.058374	0.011072	100	0715dde195e109487316f371df	169
0.451517	0.107758	100	2410f90c3c1ad303184fcf7bf5	169
0.277085	0.148819	100	0781dacd5bd3d20501ce483466	169
0.374348	0.203618	100	3515080e9f1f901ded2c222408	169
0.217885	0.134035	100	184af6a375706e604132428008	169
0.078248	0.031893	100	2f52d5ea152c8c90c2268d8660	169
0.031870	0.004762	100	1125390c5add882663707cbf2f	169
0.536209	0.180236	100	31445202992e8424e138e10428	169
0.016810	0.003195	22	1733981849c04af6ae996424e0	169
0.161182	0.124361	100	3a96bf992f7527f42eb3dab5ef	169
0.023398	0.000952	100	305cb6ddda2c4e21184b802670	169
0.487133	0.176492	100	1ff2bc7cc13d268fd438c5d6f4	169
0.070362	0.038438	100	2f6ad89296f7e1e79ee4eff181	169
0.573209	0.182115	100	1cefed47ef30e2abc2fab59c8f	169
0.319565	0.180116	100	0c83820e0060061941946a68f0	169
0.063407	0.029868	100	022478c58a1fbb91f2022bf36f	169
0.100230	0.039045	100	06273cd54233f548a66e4bc060	169
0.167511	0.072839	100	37fa0df5c75f284a7216801b2b	169
0.468576	0.284357	100	1384bbf3f0da584d09c2c88088	169
0.028336	0.007355	100	0045c6f8269fa82435cf56ecff	169
0.088443	0.040194	100	131a8d7c583c89551ccd48c1dc	169
0.018139	0.004546	51	3bfefd222c3875a02d732e6fd0	169
0.018605	0.005907	53	3b9629635edae6b69e815a5e02	169
0.743951	0.139393	100	1cde2410a7da1cdd2db0b6a937	169
0.626436	0.203401	100	2c13b0a7d574623e8ffa9560e0	169
0.019721	0.012564	72	009ef96711dfbee0513a90a090	170
0.019362	0.012623	85	3d4403a2e9f179119ab1d510b0	170
0.033271	0.023429	100	2bfcf170f18f47108305a86a90	170
0.471250	0.117012	100	2410f90c3c1ad303184fcf7bf5	170
0.031060	0.007989	100	0822c9dff9148d209ab200cae0	170
0.057745	0.011088	100	0715dde195e109487316f371df	170
0.220648	0.140625	100	184af6a375706e604132428008	170
0.289925	0.161195	100	0781dacd5bd3d20501ce483466	170
0.535700	0.183788	100	31445202992e8424e138e10428	170
0.029945	0.004454	100	1125390c5add882663707cbf2f	170
0.077351	0.030884	100	2f52d5ea152c8c90c2268d8660	170
0.368665	0.204373	100	3515080e9f1f901ded2c222408	170
0.017470	0.003274	22	1733981849c04af6ae996424e0	170
0.154915	0.120156	100	3a96bf992f7527f42eb3dab5ef	170
0.022496	0.000695	100	305cb6ddda2c4e21184b802670	170
0.574592	0.178003	100	1cefed47ef30e2abc2fab59c8f	170
0.484172	0.170944	100	1ff2bc7cc13d268fd438c5d6f4	170
0.069740	0.037120	100	2f6ad89296f7e1e79ee4eff181	170
0.309213	0.175289	100	0c83820e0060061941946a68f0	170
0.068152	0.032505	100	022478c58a1fbb91f2022bf36f	170
0.090495	0.033544	100	06273cd54233f548a66e4bc060	170
0.470231	0.282680	100	1384bbf3f0da584d09c2c88088	170
0.168628	0.075687	100	37fa0df5c75f284a7216801b2b	170
0.026406	0.006078	100	0045c6f8269fa82435cf56ecff	170
0.076817	0.033954	100	131a8d7c583c89551ccd48c1dc	170
0.017807	0.004819	53	3bfefd222c3875a02d732e6fd0	170
0.018493	0.004858	50	3b9629635edae6b69e815a5e02	170
0.631963	0.206637	100	2c13b0a7d574623e8ffa9560e0	170
0.745717	0.138748	100	1cde2410a7da1cdd2db0b6a937	170
0.019472	0.012191	83	3d4403a2e9f179119ab1d510b0	171
0.023216	0.003872	100	0822c9dff9148d209ab200cae0	171
0.020315	0.011696	100	009ef96711dfbee0513a90a090	171
0.459543	0.111203	100	2410f90c3c1ad303184fcf7bf5	171
0.055499	0.010867	100	0715dde195e109487316f371df	171
0.034806	0.023025	100	2bfcf170f18f47108305a86a90	171
0.268227	0.147187	100	0781dacd5bd3d20501ce483466	171
0.033573	0.005537	100	1125390c5add882663707cbf2f	171
0.222202	0.142313	100	184af6a375706e604132428008	171
0.369192	0.206305	100	3515080e9f1f901ded2c222408	171
0.075888	0.031296	100	2f52d5ea152c8c90c2268d8660	171
0.529856	0.178181	100	31445202992e8424e138e10428	171
0.016341	0.003304	22	1733981849c04af6ae996424e0	171
0.023385	0.000860	100	305cb6ddda2c4e21184b802670	171
0.162331	0.123617	100	3a96bf992f7527f42eb3dab5ef	171
