202	009ef96711dfbee0513a90a090	85	0.019982	0.012994	0.011308
202	3d4403a2e9f179119ab1d510b0	90	0.019627	0.013276	0.023817
202	2bfcf170f18f47108305a86a90	100	0.030006	0.020883	0.021850
202	0822c9dff9148d209ab200cae0	100	0.029528	0.006861	0.011829
202	0715dde195e109487316f371df	100	0.059650	0.012489	0.498200
202	2410f90c3c1ad303184fcf7bf5	100	0.456122	0.111496	0.553496
202	184af6a375706e604132428008	100	0.223237	0.144541	0.081383
202	0781dacd5bd3d20501ce483466	100	0.291557	0.150489	0.500500
202	3515080e9f1f901ded2c222408	100	0.377271	0.207109	0.138462
202	2f52d5ea152c8c90c2268d8660	100	0.071935	0.029635	0.027454
202	31445202992e8424e138e10428	100	0.536574	0.187681	0.299696
202	1125390c5add882663707cbf2f	100	0.034567	0.005786	0.543758
202	1733981849c04af6ae996424e0	22	0.017793	0.003993	0.005033
202	3a96bf992f7527f42eb3dab5ef	100	0.162663	0.126888	0.948688
202	305cb6ddda2c4e21184b802670	100	0.023371	0.000496	0.007250
202	2f6ad89296f7e1e79ee4eff181	100	0.068349	0.037379	0.962500
202	1ff2bc7cc13d268fd438c5d6f4	100	0.502991	0.177177	0.565817
202	1cefed47ef30e2abc2fab59c8f	100	0.572528	0.180374	0.664742
202	0c83820e0060061941946a68f0	100	0.308662	0.174951	0.140467
202	022478c58a1fbb91f2022bf36f	100	0.072693	0.034348	0.543583
202	06273cd54233f548a66e4bc060	100	0.093063	0.036171	0.038250
202	37fa0df5c75f284a7216801b2b	100	0.187417	0.082579	0.480433
202	1384bbf3f0da584d09c2c88088	100	0.465468	0.281095	0.226846
202	0045c6f8269fa82435cf56ecff	100	0.025080	0.005355	0.523129
202	131a8d7c583c89551ccd48c1dc	100	0.077431	0.034951	0.495954
202	3bfefd222c3875a02d732e6fd0	53	0.017753	0.004392	0.993046
202	3b9629635edae6b69e815a5e02	52	0.019065	0.004767	0.992233
202	2c13b0a7d574623e8ffa9560e0	100	0.631136	0.204614	0.528742
202	1cde2410a7da1cdd2db0b6a937	100	0.744205	0.140690	0.471762
203	009ef96711dfbee0513a90a090	72	0.019979	0.011625	0.011408
203	3d4403a2e9f179119ab1d510b0	98	0.019968	0.011804	0.023146
203	0822c9dff9148d209ab200cae0	100	0.024046	0.004442	0.009800
203	2410f90c3c1ad303184fcf7bf5	100	0.451345	0.109385	0.554087
203	2bfcf170f18f47108305a86a90	100	0.033064	0.023707	0.022975
203	0715dde195e109487316f371df	100	0.058639	0.012260	0.494858
203	184af6a375706e604132428008	100	0.222629	0.142079	0.080521
203	0781dacd5bd3d20501ce483466	100	0.266501	0.146056	0.501088
203	1125390c5add882663707cbf2f	100	0.029559	0.004945	0.521817
203	3515080e9f1f901ded2c222408	100	0.372077	0.208756	0.132746
203	31445202992e8424e138e10428	100	0.534738	0.181698	0.299367
203	2f52d5ea152c8c90c2268d8660	100	0.081011	0.033781	0.031354
203	1733981849c04af6ae996424e0	22	0.018682	0.004275	0.005271
203	3a96bf992f7527f42eb3dab5ef	100	0.159555	0.124383	0.948533
203	305cb6ddda2c4e21184b802670	100	0.021719	0.000688	0.006433
203	2f6ad89296f7e1e79ee4eff181	100	0.075018	0.040456	0.960750
203	1cefed47ef30e2abc2fab59c8f	100	0.572079	0.180507	0.665425
203	1ff2bc7cc13d268fd438c5d6f4	100	0.497504	0.171189	0.567221
203	0c83820e0060061941946a68f0	100	0.319791	0.181493	0.145554
203	022478c58a1fbb91f2022bf36f	100	0.068946	0.033108	0.523275
203	1384bbf3f0da584d09c2c88088	100	0.480204	0.283750	0.232133
203	06273cd54233f548a66e4bc060	100	0.092004	0.031518	0.036758
203	0045c6f8269fa82435cf56ecff	100	0.022721	0.005722	0.515975
203	37fa0df5c75f284a7216801b2b	100	0.190953	0.089846	0.481529
203	131a8d7c583c89551ccd48c1dc	100	0.084985	0.038579	0.495488
203	3bfefd222c3875a02d732e6fd0	51	0.017898	0.003596	0.993833
203	3b9629635edae6b69e815a5e02	50	0.018101	0.005448	0.992879
203	2c13b0a7d574623e8ffa9560e0	100	0.628512	0.206744	0.525329
203	1cde2410a7da1cdd2db0b6a937	100	0.744032	0.139732	0.469512
204	3d4403a2e9f179119ab1d510b0	82	0.019905	0.013829	0.022354
204	0715dde195e109487316f371df	100	0.060539	0.011461	0.533517
204	009ef96711dfbee0513a90a090	100	0.020605	0.012750	0.011583
204	2bfcf170f18f47108305a86a90	100	0.029142	0.019896	0.021763
204	2410f90c3c1ad303184fcf7bf5	100	0.459986	0.114228	0.552796
204	0822c9dff9148d209ab200cae0	100	0.030424	0.008191	0.012821
204	0781dacd5bd3d20501ce483466	100	0.279814	0.150689	0.501129
204	184af6a375706e604132428008	100	0.217182	0.134009	0.079408
204	1125390c5add882663707cbf2f	100	0.029860	0.004822	0.489350
204	2f52d5ea152c8c90c2268d8660	100	0.075677	0.033257	0.028746
204	3515080e9f1f901ded2c222408	100	0.368810	0.202508	0.133387
204	31445202992e8424e138e10428	100	0.539513	0.184367	0.298883
204	1733981849c04af6ae996424e0	22	0.016551	0.002807	0.004654
204	305cb6ddda2c4e21184b802670	100	0.022757	0.001698	0.007083
204	3a96bf992f7527f42eb3dab5ef	100	0.160377	0.125363	0.949117
204	2f6ad89296f7e1e79ee4eff181	100	0.078179	0.041520	0.958704
204	1ff2bc7cc13d268fd438c5d6f4	100	0.495458	0.176975	0.564500
204	1cefed47ef30e2abc2fab59c8f	100	0.572009	0.179738	0.664863
204	0c83820e0060061941946a68f0	100	0.307688	0.172678	0.140825
204	06273cd54233f548a66e4bc060	100	0.092029	0.033373	0.037096
204	022478c58a1fbb91f2022bf36f	100	0.076493	0.036560	0.536837
204	1384bbf3f0da584d09c2c88088	100	0.478784	0.286037	0.232108
204	37fa0df5c75f284a7216801b2b	100	0.185012	0.080055	0.479008
204	0045c6f8269fa82435cf56ecff	100	0.028269	0.005510	0.510417
204	131a8d7c583c89551ccd48c1dc	100	0.080470	0.036983	0.496638
204	3bfefd222c3875a02d732e6fd0	51	0.018840	0.003321	0.992896
204	3b9629635edae6b69e815a5e02	51	0.018885	0.006607	0.992138
204	2c13b0a7d574623e8ffa9560e0	100	0.628943	0.207068	0.525821
204	1cde2410a7da1cdd2db0b6a937	100	0.744473	0.139899	0.472996
205	3d4403a2e9f179119ab1d510b0	86	0.019884	0.013818	0.023171
205	009ef96711dfbee0513a90a090	100	0.019996	0.012145	0.011717
205	2bfcf170f18f47108305a86a90	100	0.031855	0.022127	0.022787
205	0822c9dff9148d209ab200cae0	100	0.027424	0.005983	0.011133
205	2410f90c3c1ad303184fcf7bf5	100	0.465049	0.113142	0.551596
205	0715dde195e109487316f371df	100	0.061257	0.011961	0.509971
205	184af6a375706e604132428008	100	0.212247	0.133569	0.077758
205	31445202992e8424e138e10428	100	0.541644	0.186393	0.298242
205	0781dacd5bd3d20501ce483466	100	0.266475	0.148844	0.500417
205	3515080e9f1f901ded2c222408	100	0.371913	0.205180	0.136829
205	1125390c5add882663707cbf2f	100	0.030803	0.004538	0.515554
205	2f52d5ea152c8c90c2268d8660	100	0.068919	0.029423	0.026025
205	1733981849c04af6ae996424e0	21	0.019861	0.003812	0.005104
205	1cefed47ef30e2abc2fab59c8f	100	0.573565	0.179417	0.665921
205	1ff2bc7cc13d268fd438c5d6f4	100	0.494043	0.179576	0.567621
205	3a96bf992f7527f42eb3dab5ef	100	0.159934	0.124040	0.949004
205	305cb6ddda2c4e21184b802670	100	0.020737	0.000587	0.005904
205	2f6ad89296f7e1e79ee4eff181	100	0.074478	0.038994	0.959650
205	0c83820e0060061941946a68f0	100	0.312096	0.176737	0.142883
205	0045c6f8269fa82435cf56ecff	100	0.026727	0.007318	0.549842
205	022478c58a1fbb91f2022bf36f	100	0.070898	0.035196	0.561592
205	1384bbf3f0da584d09c2c88088	100	0.465460	0.284865	0.223929
205	06273cd54233f548a66e4bc060	100	0.098706	0.036162	0.040400
205	37fa0df5c75f284a7216801b2b	100	0.174900	0.078445	0.480013
205	131a8d7c583c89551ccd48c1dc	100	0.083125	0.037528	0.496246
205	3bfefd222c3875a02d732e6fd0	53	0.018995	0.005460	0.992308
205	3b9629635edae6b69e815a5e02	49	0.019320	0.005769	0.992771
205	2c13b0a7d574623e8ffa9560e0	100	0.625115	0.204636	0.523325
205	1cde2410a7da1cdd2db0b6a937	100	0.744328	0.138412	0.470750
206	3d4403a2e9f179119ab1d510b0	94	0.019662	0.011887	0.024796
206	2bfcf170f18f47108305a86a90	100	0.036401	0.026457	0.024221
206	009ef96711dfbee0513a90a090	100	0.020396	0.012644	0.011517
206	2410f90c3c1ad303184fcf7bf5	100	0.473604	0.115808	0.549775
206	0822c9dff9148d209ab200cae0	100	0.027677	0.006122	0.011729
206	0715dde195e109487316f371df	100	0.058405	0.010474	0.511796
