0.010456	4.368455	100	3d4403a2e9f179119ab1d510b0	17
0.020641	1.413345	100	0822c9dff9148d209ab200cae0	17
0.467124	5.983703	100	2410f90c3c1ad303184fcf7bf5	17
0.034237	3.449814	100	2bfcf170f18f47108305a86a90	17
0.096744	6.047512	100	0715dde195e109487316f371df	17
0.018059	30.968793	100	009ef96711dfbee0513a90a090	17
0.416379	15.845897	100	0781dacd5bd3d20501ce483466	17
0.066632	3.907269	100	2f52d5ea152c8c90c2268d8660	17
0.401300	2199.005433	100	3515080e9f1f901ded2c222408	17
0.038052	6.757481	100	1125390c5add882663707cbf2f	17
0.560402	79.282655	100	31445202992e8424e138e10428	17
0.310838	18.069806	100	184af6a375706e604132428008	17
0.016084	1.009235	21	1733981849c04af6ae996424e0	17
0.263293	3.631153	21	3a96bf992f7527f42eb3dab5ef	17
0.023886	74.119421	100	305cb6ddda2c4e21184b802670	17
0.070038	2.654038	100	2f6ad89296f7e1e79ee4eff181	17
0.542803	46.794235	100	1ff2bc7cc13d268fd438c5d6f4	17
0.569064	250.533976	100	1cefed47ef30e2abc2fab59c8f	17
0.331341	13.608733	100	0c83820e0060061941946a68f0	17
0.107148	8.915300	100	022478c58a1fbb91f2022bf36f	17
0.099250	6.384719	100	06273cd54233f548a66e4bc060	17
0.260559	6.764095	100	37fa0df5c75f284a7216801b2b	17
0.493716	33.994481	100	1384bbf3f0da584d09c2c88088	17
0.042916	2.039601	100	0045c6f8269fa82435cf56ecff	17
0.000000	NaN	100	3bfefd222c3875a02d732e6fd0	17
0.128062	10.343556	100	131a8d7c583c89551ccd48c1dc	17
0.627020	131.698298	100	2c13b0a7d574623e8ffa9560e0	17
0.000429	4.285371	100	3b9629635edae6b69e815a5e02	17
0.743870	84.020510	100	1cde2410a7da1cdd2db0b6a937	17
