0.015054	7.142056	100	3d4403a2e9f179119ab1d510b0	146
0.026321	1.853597	100	0822c9dff9148d209ab200cae0	146
0.019247	75.190793	100	009ef96711dfbee0513a90a090	146
0.458699	5.784618	100	2410f90c3c1ad303184fcf7bf5	146
0.027656	4.191602	100	2bfcf170f18f47108305a86a90	146
0.057803	2.735588	100	0715dde195e109487316f371df	146
0.399121	3.931942	21	184af6a375706e604132428008	146
0.258001	3.664931	21	3a96bf992f7527f42eb3dab5ef	146
0.273942	6.570499	100	0781dacd5bd3d20501ce483466	146
0.370647	30.459710	100	3515080e9f1f901ded2c222408	146
0.031009	2.916573	100	1125390c5add882663707cbf2f	146
0.072316	3.075885	100	2f52d5ea152c8c90c2268d8660	146
0.533875	28.304003	100	31445202992e8424e138e10428	146
0.019391	1.013782	21	1733981849c04af6ae996424e0	146
0.071719	4.406724	100	022478c58a1fbb91f2022bf36f	146
0.024716	161.108289	100	305cb6ddda2c4e21184b802670	146
0.494633	12.272794	100	1ff2bc7cc13d268fd438c5d6f4	146
0.072229	3.009451	100	2f6ad89296f7e1e79ee4eff181	146
0.572870	258.851268	100	1cefed47ef30e2abc2fab59c8f	146
0.305748	13.527982	100	0c83820e0060061941946a68f0	146
0.468379	58.558030	100	1384bbf3f0da584d09c2c88088	146
0.097767	6.892743	100	06273cd54233f548a66e4bc060	146
0.027231	2.256648	100	0045c6f8269fa82435cf56ecff	146
0.171231	4.229042	100	37fa0df5c75f284a7216801b2b	146
0.086270	3.754911	100	131a8d7c583c89551ccd48c1dc	146
0.000000	NaN	100	3bfefd222c3875a02d732e6fd0	146
0.001025	114.773774	100	3b9629635edae6b69e815a5e02	146
0.624943	157.284250	100	2c13b0a7d574623e8ffa9560e0	146
0.743425	62.762541	100	1cde2410a7da1cdd2db0b6a937	146
0.015339	4.455807	100	3d4403a2e9f179119ab1d510b0	147
0.059919	3.801772	100	0715dde195e109487316f371df	147
0.019001	76.300454	100	009ef96711dfbee0513a90a090	147
0.026096	1.696946	100	0822c9dff9148d209ab200cae0	147
0.032787	4.945269	100	2bfcf170f18f47108305a86a90	147
0.461803	5.200305	100	2410f90c3c1ad303184fcf7bf5	147
0.402809	3.948181	21	184af6a375706e604132428008	147
0.259812	3.618537	21	3a96bf992f7527f42eb3dab5ef	147
0.074520	3.253688	100	2f52d5ea152c8c90c2268d8660	147
0.372538	63.234213	100	3515080e9f1f901ded2c222408	147
0.271380	8.251953	100	0781dacd5bd3d20501ce483466	147
0.032142	3.176919	100	1125390c5add882663707cbf2f	147
0.538359	51.439073	100	31445202992e8424e138e10428	147
0.020240	1.015489	21	1733981849c04af6ae996424e0	147
0.065620	3.446984	100	022478c58a1fbb91f2022bf36f	147
0.068567	3.026475	100	2f6ad89296f7e1e79ee4eff181	147
0.487602	10.613581	100	1ff2bc7cc13d268fd438c5d6f4	147
0.022056	1124.493233	100	305cb6ddda2c4e21184b802670	147
0.573405	865.587765	100	1cefed47ef30e2abc2fab59c8f	147
0.314730	14.523930	100	0c83820e0060061941946a68f0	147
0.470861	184.872666	100	1384bbf3f0da584d09c2c88088	147
0.182798	4.483057	100	37fa0df5c75f284a7216801b2b	147
0.025856	1.926532	100	0045c6f8269fa82435cf56ecff	147
0.093444	5.273309	100	06273cd54233f548a66e4bc060	147
0.078098	3.117371	100	131a8d7c583c89551ccd48c1dc	147
0.000000	NaN	100	3bfefd222c3875a02d732e6fd0	147
0.000624	62.287665	100	3b9629635edae6b69e815a5e02	147
0.624697	149.062587	100	2c13b0a7d574623e8ffa9560e0	147
0.744808	890.353294	100	1cde2410a7da1cdd2db0b6a937	147
0.014734	5.426010	100	3d4403a2e9f179119ab1d510b0	148
0.462723	4.831476	100	2410f90c3c1ad303184fcf7bf5	148
0.018931	97.449060	100	009ef96711dfbee0513a90a090	148
0.024928	1.775272	100	0822c9dff9148d209ab200cae0	148
0.055193	3.285614	100	0715dde195e109487316f371df	148
0.031580	4.536875	100	2bfcf170f18f47108305a86a90	148
0.401081	3.886630	21	184af6a375706e604132428008	148
0.256631	3.518494	21	3a96bf992f7527f42eb3dab5ef	148
0.288207	7.144588	100	0781dacd5bd3d20501ce483466	148
0.368567	35.380401	100	3515080e9f1f901ded2c222408	148
0.030447	3.432393	100	1125390c5add882663707cbf2f	148
0.075211	3.211232	100	2f52d5ea152c8c90c2268d8660	148
0.535377	35.430210	100	31445202992e8424e138e10428	148
0.019309	1.014669	21	1733981849c04af6ae996424e0	148
0.074707	4.322347	100	022478c58a1fbb91f2022bf36f	148
0.023606	145.105564	100	305cb6ddda2c4e21184b802670	148
0.495287	10.055774	100	1ff2bc7cc13d268fd438c5d6f4	148
0.071468	3.429902	100	2f6ad89296f7e1e79ee4eff181	148
0.573052	1280.719789	100	1cefed47ef30e2abc2fab59c8f	148
0.312260	11.572446	100	0c83820e0060061941946a68f0	148
0.470708	168.273003	100	1384bbf3f0da584d09c2c88088	148
0.095227	5.935194	100	06273cd54233f548a66e4bc060	148
0.025707	1.897704	100	0045c6f8269fa82435cf56ecff	148
0.190158	5.493236	100	37fa0df5c75f284a7216801b2b	148
0.078995	2.961213	100	131a8d7c583c89551ccd48c1dc	148
0.000000	NaN	100	3bfefd222c3875a02d732e6fd0	148
0.000529	4.784696	100	3b9629635edae6b69e815a5e02	148
0.633197	225.828185	100	2c13b0a7d574623e8ffa9560e0	148
0.743583	146.710579	100	1cde2410a7da1cdd2db0b6a937	148
0.011801	4.055735	100	3d4403a2e9f179119ab1d510b0	149
0.024446	1.478153	100	0822c9dff9148d209ab200cae0	149
0.018905	89.306798	100	009ef96711dfbee0513a90a090	149
0.059017	3.064236	100	0715dde195e109487316f371df	149
0.033072	5.319984	100	2bfcf170f18f47108305a86a90	149
0.457537	5.121796	100	2410f90c3c1ad303184fcf7bf5	149
0.400203	3.850950	21	184af6a375706e604132428008	149
0.260909	3.616627	21	3a96bf992f7527f42eb3dab5ef	149
0.284039	8.234112	100	0781dacd5bd3d20501ce483466	149
0.373174	58.952448	100	3515080e9f1f901ded2c222408	149
0.073459	2.965766	100	2f52d5ea152c8c90c2268d8660	149
0.032368	3.696109	100	1125390c5add882663707cbf2f	149
0.537360	32.528753	100	31445202992e8424e138e10428	149
0.021684	1.014437	21	1733981849c04af6ae996424e0	149
0.073662	3.939007	100	022478c58a1fbb91f2022bf36f	149
0.023741	8.300767	100	305cb6ddda2c4e21184b802670	149
0.495925	13.871355	100	1ff2bc7cc13d268fd438c5d6f4	149
0.572885	693.589075	100	1cefed47ef30e2abc2fab59c8f	149
0.069593	3.048662	100	2f6ad89296f7e1e79ee4eff181	149
0.305699	13.567909	100	0c83820e0060061941946a68f0	149
0.479597	97.403224	100	1384bbf3f0da584d09c2c88088	149
0.090175	5.741213	100	06273cd54233f548a66e4bc060	149
0.025977	1.846268	100	0045c6f8269fa82435cf56ecff	149
0.086940	3.164602	100	131a8d7c583c89551ccd48c1dc	149
0.183532	5.034197	100	37fa0df5c75f284a7216801b2b	149
0.000000	1.000000	100	3bfefd222c3875a02d732e6fd0	149
0.000732	79.640045	100	3b9629635edae6b69e815a5e02	149
0.626134	77.838780	100	2c13b0a7d574623e8ffa9560e0	149
0.743829	133.137325	100	1cde2410a7da1cdd2db0b6a937	149
0.016795	5.973374	100	3d4403a2e9f179119ab1d510b0	150
0.060302	3.339540	100	0715dde195e109487316f371df	150
0.026201	1.765972	100	0822c9dff9148d209ab200cae0	150
0.456829	4.871749	100	2410f90c3c1ad303184fcf7bf5	150
0.019351	186.275720	100	009ef96711dfbee0513a90a090	150
0.030518	3.592962	100	2bfcf170f18f47108305a86a90	150
0.400495	3.976411	21	184af6a375706e604132428008	150
0.260996	3.669490	21	3a96bf992f7527f42eb3dab5ef	150
0.280828	6.894353	100	0781dacd5bd3d20501ce483466	150
0.079604	3.114851	100	2f52d5ea152c8c90c2268d8660	150
0.369212	39.522348	100	3515080e9f1f901ded2c222408	150
0.032320	3.437532	100	1125390c5add882663707cbf2f	150
0.535973	35.083435	100	31445202992e8424e138e10428	150
0.021142	1.015299	21	1733981849c04af6ae996424e0	150
